# times, noise
0.000000000000000000e+00 2.666645738115460533e-22
9.765625000000000000e-04 3.817371487585870870e-23
1.953125000000000000e-03 4.172274527617535807e-22
2.929687500000000000e-03 -4.833451467469274127e-24
3.906250000000000000e-03 -2.992518766849760428e-22
4.882812500000000000e-03 7.415823998555016634e-23
5.859375000000000000e-03 -2.409135681569583677e-22
6.835937500000000000e-03 1.947178968081620289e-22
7.812500000000000000e-03 -7.785777968206151479e-23
8.789062500000000000e-03 -2.457113606256658421e-22
9.765625000000000000e-03 -4.771639854161042610e-23
1.074218750000000000e-02 1.480804444612088979e-22
1.171875000000000000e-02 -6.333465622887232131e-23
1.269531250000000000e-02 1.934766308610388611e-22
1.367187500000000000e-02 3.007274680248368429e-22
1.464843750000000000e-02 -1.989769538979260942e-22
1.562500000000000000e-02 2.290923117356079934e-22
1.660156250000000000e-02 1.206380488072941538e-22
1.757812500000000000e-02 4.005494927790758501e-23
1.855468750000000000e-02 -3.461931402780792859e-22
1.953125000000000000e-02 -1.781493662462623067e-23
2.050781250000000000e-02 -2.823125508516857826e-23
2.148437500000000000e-02 -3.180059893177277039e-22
2.246093750000000000e-02 5.141845354375946592e-22
2.343750000000000000e-02 4.940021651541799409e-23
2.441406250000000000e-02 2.832314449666175539e-22
2.539062500000000000e-02 -3.902974938731909067e-23
2.636718750000000000e-02 1.769375125254514043e-22
2.734375000000000000e-02 -2.277541778350463727e-22
2.832031250000000000e-02 -4.861328456958429754e-24
2.929687500000000000e-02 2.304689061978177019e-22
3.027343750000000000e-02 -1.437267820443042534e-23
3.125000000000000000e-02 -1.443105140384643292e-22
3.222656250000000000e-02 2.274617732930234769e-22
3.320312500000000000e-02 -3.153609081545793937e-23
3.417968750000000000e-02 -5.453110756092339381e-23
3.515625000000000000e-02 -1.224021272887564352e-22
3.613281250000000000e-02 -1.710264727304243294e-22
3.710937500000000000e-02 -1.081431231250446588e-22
3.808593750000000000e-02 2.216374100603806902e-23
3.906250000000000000e-02 3.661940598438583949e-23
4.003906250000000000e-02 1.200874209759876744e-22
4.101562500000000000e-02 9.994730393123355528e-23
4.199218750000000000e-02 2.581258802230183050e-22
4.296875000000000000e-02 1.641808156668428592e-22
4.394531250000000000e-02 -1.975508126229944521e-22
4.492187500000000000e-02 3.440687743218237517e-23
4.589843750000000000e-02 -3.420340343947352180e-22
4.687500000000000000e-02 1.559622226114528848e-22
4.785156250000000000e-02 2.332475021566447547e-22
4.882812500000000000e-02 1.995772780624801233e-22
4.980468750000000000e-02 -9.383443851169145914e-23
5.078125000000000000e-02 2.409871873652948503e-22
5.175781250000000000e-02 3.648583609247748962e-22
5.273437500000000000e-02 3.263122773848447752e-23
5.371093750000000000e-02 6.879467070125653725e-23
5.468750000000000000e-02 7.924140301044162855e-23
5.566406250000000000e-02 -3.096199528790104285e-22
5.664062500000000000e-02 3.965554294221867852e-22
5.761718750000000000e-02 -2.096794863751024700e-22
5.859375000000000000e-02 -2.741841381768950821e-22
5.957031250000000000e-02 9.385406848080994706e-23
6.054687500000000000e-02 -2.320100315223341490e-22
6.152343750000000000e-02 1.581565927583703896e-22
6.250000000000000000e-02 -5.044488214112564902e-23
6.347656250000000000e-02 -1.079004856447603181e-22
6.445312500000000000e-02 -1.822780312331557669e-22
6.542968750000000000e-02 8.321710640600894932e-23
6.640625000000000000e-02 3.870923325215342545e-23
6.738281250000000000e-02 -3.702072765070087693e-23
6.835937500000000000e-02 -1.129350589378006627e-22
6.933593750000000000e-02 -1.558707510560500277e-22
7.031250000000000000e-02 -9.322549473136255355e-23
7.128906250000000000e-02 -1.462234466233264163e-23
7.226562500000000000e-02 2.416426624972351629e-22
7.324218750000000000e-02 2.238714562162969476e-22
7.421875000000000000e-02 1.397853836750546854e-22
7.519531250000000000e-02 -2.453200515308986910e-23
7.617187500000000000e-02 2.147890107756529542e-22
7.714843750000000000e-02 -2.581017324091062278e-22
7.812500000000000000e-02 -3.107732358287348152e-22
7.910156250000000000e-02 9.195000031156577769e-23
8.007812500000000000e-02 2.119723909445573562e-22
8.105468750000000000e-02 -9.126257970559652237e-23
8.203125000000000000e-02 -1.706040441036474213e-23
8.300781250000000000e-02 2.055072011545458748e-22
8.398437500000000000e-02 1.934123360703614139e-22
8.496093750000000000e-02 2.666446839444818909e-22
8.593750000000000000e-02 -6.418736642955755570e-23
8.691406250000000000e-02 -3.965056290772235526e-22
8.789062500000000000e-02 -1.717199086610713503e-22
8.886718750000000000e-02 -1.210691762285656227e-22
8.984375000000000000e-02 -9.260786764935061214e-23
9.082031250000000000e-02 6.147958318314799518e-23
9.179687500000000000e-02 -2.982967510940812266e-22
9.277343750000000000e-02 1.514401123252347424e-22
9.375000000000000000e-02 -6.086001369714517766e-23
9.472656250000000000e-02 -1.625866573157199619e-22
9.570312500000000000e-02 1.092949160560616413e-22
9.667968750000000000e-02 2.941007399165291700e-22
9.765625000000000000e-02 9.042023453696910095e-23
9.863281250000000000e-02 -1.303758122218112349e-22
9.960937500000000000e-02 3.544179545796448162e-24
1.005859375000000000e-01 2.641755376204096873e-22
1.015625000000000000e-01 -3.151004578727044013e-22
1.025390625000000000e-01 -5.184507710197846913e-22
1.035156250000000000e-01 -2.343573711902504013e-23
1.044921875000000000e-01 -1.938989768790872406e-22
1.054687500000000000e-01 -3.182936401449789029e-23
1.064453125000000000e-01 -1.449459450492616596e-22
1.074218750000000000e-01 2.534780000879751026e-22
1.083984375000000000e-01 -1.996657303607291513e-22
1.093750000000000000e-01 2.437549488621215592e-22
1.103515625000000000e-01 -1.629340587631300244e-22
1.113281250000000000e-01 -1.553963101491089341e-23
1.123046875000000000e-01 3.229332755432390447e-22
1.132812500000000000e-01 2.888317829056435491e-23
1.142578125000000000e-01 3.216746499979932140e-22
1.152343750000000000e-01 -7.940484371032986541e-23
1.162109375000000000e-01 -2.773182371571627570e-22
1.171875000000000000e-01 6.545469872291294205e-23
1.181640625000000000e-01 -2.350464557924815245e-23
1.191406250000000000e-01 -2.386393767026341973e-22
1.201171875000000000e-01 8.093631375123742843e-23
1.210937500000000000e-01 -1.473244282806982581e-22
1.220703125000000000e-01 1.639069786710935909e-22
1.230468750000000000e-01 -4.461146071552625656e-22
1.240234375000000000e-01 2.575001278601068264e-23
1.250000000000000000e-01 3.787657375849969952e-22
1.259765625000000000e-01 -2.702295720279007851e-22
1.269531250000000000e-01 5.679244275599901945e-23
1.279296875000000000e-01 -2.161070785401686761e-22
1.289062500000000000e-01 1.506346832439792965e-22
1.298828125000000000e-01 2.126432790339054400e-22
1.308593750000000000e-01 -8.414367951143741924e-24
1.318359375000000000e-01 -1.391381844719400305e-22
1.328125000000000000e-01 2.068316058293588176e-22
1.337890625000000000e-01 -3.289103741388651136e-22
1.347656250000000000e-01 2.341889664308216462e-22
1.357421875000000000e-01 3.378822775155729772e-23
1.367187500000000000e-01 1.567794249071823526e-22
1.376953125000000000e-01 7.648700017191671809e-23
1.386718750000000000e-01 -1.279790065953384734e-23
1.396484375000000000e-01 9.259457558496883684e-23
1.406250000000000000e-01 -1.862089069492862976e-22
1.416015625000000000e-01 4.125556679619165016e-22
1.425781250000000000e-01 6.927401139052503941e-23
1.435546875000000000e-01 -7.316987228121893995e-23
1.445312500000000000e-01 3.506618403531315976e-22
1.455078125000000000e-01 -2.330138745304585793e-22
1.464843750000000000e-01 -2.198056717567038616e-22
1.474609375000000000e-01 2.921095372222208295e-22
1.484375000000000000e-01 5.864092387660302582e-23
1.494140625000000000e-01 1.707311835153179527e-22
1.503906250000000000e-01 1.013473682002038697e-22
1.513671875000000000e-01 4.474678164291816306e-23
1.523437500000000000e-01 2.183834236890872956e-22
1.533203125000000000e-01 3.306821149723765855e-22
1.542968750000000000e-01 4.682263408937231178e-22
1.552734375000000000e-01 3.547931727964588344e-22
1.562500000000000000e-01 2.760825407563355461e-22
1.572265625000000000e-01 -3.547008348575970292e-22
1.582031250000000000e-01 2.407580201430444470e-22
1.591796875000000000e-01 -1.582964043871959224e-22
1.601562500000000000e-01 -3.360731851267902530e-23
1.611328125000000000e-01 -3.798332443454943521e-22
1.621093750000000000e-01 -1.346089423384239649e-22
1.630859375000000000e-01 -1.852703972049642240e-22
1.640625000000000000e-01 -3.005335412353189478e-22
1.650390625000000000e-01 -4.080951431959851774e-22
1.660156250000000000e-01 -2.330471533748669676e-22
1.669921875000000000e-01 2.308048118587533896e-23
1.679687500000000000e-01 -9.915228362828062700e-23
1.689453125000000000e-01 1.781330243795768548e-22
1.699218750000000000e-01 1.789272065052175092e-22
1.708984375000000000e-01 3.462758621411093621e-22
1.718750000000000000e-01 -3.513046681689530356e-22
1.728515625000000000e-01 2.353573641774377420e-22
1.738281250000000000e-01 6.827622648192985966e-23
1.748046875000000000e-01 5.109748867982702721e-23
1.757812500000000000e-01 1.837435044161328400e-22
1.767578125000000000e-01 3.407750024835274151e-22
1.777343750000000000e-01 1.359318295804271143e-22
1.787109375000000000e-01 5.488742263191987250e-23
1.796875000000000000e-01 1.692544009087885327e-24
1.806640625000000000e-01 -2.969041812776268268e-23
1.816406250000000000e-01 -3.074301717066679207e-22
1.826171875000000000e-01 3.971593500259032478e-22
1.835937500000000000e-01 5.255463771877618569e-22
1.845703125000000000e-01 -9.240812509415586720e-23
1.855468750000000000e-01 -1.255697599531428502e-22
1.865234375000000000e-01 1.628503668627608913e-22
1.875000000000000000e-01 1.550436172710022633e-22
1.884765625000000000e-01 -4.415152056683851343e-23
1.894531250000000000e-01 -2.987608600748423401e-22
1.904296875000000000e-01 -3.784275436073873292e-22
1.914062500000000000e-01 1.146689555843002110e-23
1.923828125000000000e-01 2.194067537424748990e-22
1.933593750000000000e-01 7.588381400096299122e-23
1.943359375000000000e-01 -3.379550873504308511e-22
1.953125000000000000e-01 2.042220472719416250e-22
1.962890625000000000e-01 -3.878766041667707816e-22
1.972656250000000000e-01 -9.644985009519325857e-23
1.982421875000000000e-01 2.958977708802352736e-24
1.992187500000000000e-01 1.696681932037734181e-22
2.001953125000000000e-01 2.847953653504277851e-22
2.011718750000000000e-01 4.068041384767314501e-22
2.021484375000000000e-01 2.293069359938369028e-22
2.031250000000000000e-01 2.771828120006885547e-22
2.041015625000000000e-01 -1.621347377989475355e-22
2.050781250000000000e-01 -2.470102296578911957e-22
2.060546875000000000e-01 -1.655279726845837294e-22
2.070312500000000000e-01 3.345523001228579408e-22
2.080078125000000000e-01 2.418674654850825740e-22
2.089843750000000000e-01 -2.133507607366024904e-22
2.099609375000000000e-01 1.168763051472637613e-22
2.109375000000000000e-01 4.141754768377611221e-23
2.119140625000000000e-01 1.713606911862691009e-22
2.128906250000000000e-01 1.254310648164271313e-22
2.138671875000000000e-01 2.854656815923742867e-22
2.148437500000000000e-01 3.167003392325284003e-22
2.158203125000000000e-01 1.521321391152414802e-22
2.167968750000000000e-01 -2.884915045754679308e-22
2.177734375000000000e-01 -9.262651630091113920e-23
2.187500000000000000e-01 2.318454663814714408e-22
2.197265625000000000e-01 -2.641854929199576392e-22
2.207031250000000000e-01 -2.747932004868560605e-22
2.216796875000000000e-01 2.119931405015102161e-22
2.226562500000000000e-01 -1.453797463663900108e-22
2.236328125000000000e-01 4.266629312141863728e-22
2.246093750000000000e-01 1.576285913627817413e-22
2.255859375000000000e-01 1.265067163235964424e-22
2.265625000000000000e-01 1.850937457602350460e-22
2.275390625000000000e-01 1.565527398774419015e-23
2.285156250000000000e-01 2.162343504157722871e-22
2.294921875000000000e-01 -8.162260332180282628e-24
2.304687500000000000e-01 8.351038915059573358e-23
2.314453125000000000e-01 -4.491957834619399507e-22
2.324218750000000000e-01 2.160563961760278888e-22
2.333984375000000000e-01 3.137065823015377239e-22
2.343750000000000000e-01 4.099640776605510503e-22
2.353515625000000000e-01 6.923948795994565392e-22
2.363281250000000000e-01 2.437076591225851382e-22
2.373046875000000000e-01 -2.060840530511458500e-22
2.382812500000000000e-01 2.989507947929521402e-23
2.392578125000000000e-01 2.140759055440539651e-22
2.402343750000000000e-01 2.416349522558335754e-22
2.412109375000000000e-01 1.646395166576125679e-23
2.421875000000000000e-01 -3.132159834738457927e-22
2.431640625000000000e-01 7.893607765538858964e-23
2.441406250000000000e-01 1.220391159359269886e-22
2.451171875000000000e-01 2.405033924424295772e-22
2.460937500000000000e-01 3.590292016229877710e-22
2.470703125000000000e-01 6.104490830222179643e-24
2.480468750000000000e-01 -1.970579151804492460e-22
2.490234375000000000e-01 -1.024909474146378316e-23
2.500000000000000000e-01 -2.606682523245851072e-23
2.509765625000000000e-01 -2.820230918522222545e-22
2.519531250000000000e-01 -9.711230135984239160e-24
2.529296875000000000e-01 2.672600448641059494e-22
2.539062500000000000e-01 7.004175641828641942e-22
2.548828125000000000e-01 2.141364704150316386e-23
2.558593750000000000e-01 -1.426259064145747620e-22
2.568359375000000000e-01 6.161863185651570278e-23
2.578125000000000000e-01 -1.065077878807449737e-22
2.587890625000000000e-01 4.438533035594281151e-23
2.597656250000000000e-01 -5.856978137022979187e-23
2.607421875000000000e-01 1.762794922177655815e-22
2.617187500000000000e-01 -1.567046976921025890e-22
2.626953125000000000e-01 2.223869723678379836e-22
2.636718750000000000e-01 -1.526167437929064196e-22
2.646484375000000000e-01 2.835650407839244865e-22
2.656250000000000000e-01 4.856356475398475775e-23
2.666015625000000000e-01 2.973776073477961512e-22
2.675781250000000000e-01 -2.668621995626774970e-22
2.685546875000000000e-01 -1.669290489633655661e-22
2.695312500000000000e-01 1.405018471851373125e-23
2.705078125000000000e-01 -3.771433337449653142e-23
2.714843750000000000e-01 -1.341711139305998963e-22
2.724609375000000000e-01 7.976005183695194013e-23
2.734375000000000000e-01 1.905534733351655873e-23
2.744140625000000000e-01 -1.672935720294141214e-22
2.753906250000000000e-01 -3.369477707885297991e-22
2.763671875000000000e-01 5.790346307713805447e-23
2.773437500000000000e-01 -1.315366270398030934e-22
2.783203125000000000e-01 4.949590177087344301e-22
2.792968750000000000e-01 1.027642978070068006e-23
2.802734375000000000e-01 -2.779206185687362141e-23
2.812500000000000000e-01 -4.448000735095847775e-22
2.822265625000000000e-01 7.370575361431448528e-23
2.832031250000000000e-01 -6.297073564837558309e-24
2.841796875000000000e-01 -1.369391324158144057e-22
2.851562500000000000e-01 1.792679969805054145e-22
2.861328125000000000e-01 3.055235167531819793e-23
2.871093750000000000e-01 1.123002563242380138e-23
2.880859375000000000e-01 -9.560184770454999502e-23
2.890625000000000000e-01 -1.886557930150444524e-22
2.900390625000000000e-01 1.734795861152278238e-22
2.910156250000000000e-01 1.938913390844725233e-22
2.919921875000000000e-01 -1.560741005231095803e-22
2.929687500000000000e-01 1.890335914492232922e-22
2.939453125000000000e-01 -1.331926641361775666e-22
2.949218750000000000e-01 -3.637186001927494274e-23
2.958984375000000000e-01 2.145268254100231895e-22
2.968750000000000000e-01 -9.407288419001395618e-23
2.978515625000000000e-01 -2.361287706530774879e-23
2.988281250000000000e-01 3.378874455885078660e-22
2.998046875000000000e-01 8.735746333044753764e-23
3.007812500000000000e-01 -1.038529302583519182e-22
3.017578125000000000e-01 1.024370767332636330e-22
3.027343750000000000e-01 1.390262451118495851e-22
3.037109375000000000e-01 3.600582128179835647e-22
3.046875000000000000e-01 -2.196387782096791259e-22
3.056640625000000000e-01 1.265680307146923513e-22
3.066406250000000000e-01 4.632683978660734053e-22
3.076171875000000000e-01 -8.925201065026552228e-23
3.085937500000000000e-01 2.148809112885120580e-22
3.095703125000000000e-01 -2.847290235719053468e-22
3.105468750000000000e-01 -4.130938789369306485e-22
3.115234375000000000e-01 2.704617838479555545e-23
3.125000000000000000e-01 4.329339038671321446e-23
3.134765625000000000e-01 8.645544147388704406e-23
3.144531250000000000e-01 -5.380565725182965457e-23
3.154296875000000000e-01 -2.549188208516288406e-22
3.164062500000000000e-01 1.073609879918269543e-22
3.173828125000000000e-01 -1.400846369355110388e-22
3.183593750000000000e-01 7.479088815759402113e-24
3.193359375000000000e-01 2.390758418197161518e-22
3.203125000000000000e-01 2.726103332463744377e-22
3.212890625000000000e-01 2.071776728415246775e-22
3.222656250000000000e-01 3.139130640810837935e-22
3.232421875000000000e-01 6.117824904541218961e-23
3.242187500000000000e-01 -1.623593881573762965e-22
3.251953125000000000e-01 8.140649138184689509e-24
3.261718750000000000e-01 -8.571361421501383303e-23
3.271484375000000000e-01 2.011017675692535392e-22
3.281250000000000000e-01 5.731552021943930200e-22
3.291015625000000000e-01 -6.991681196165427691e-23
3.300781250000000000e-01 -1.103396698098678732e-22
3.310546875000000000e-01 -9.535518476441083244e-23
3.320312500000000000e-01 1.009651778393662758e-23
3.330078125000000000e-01 -1.900799481361266444e-24
3.339843750000000000e-01 -1.307727019768789922e-22
3.349609375000000000e-01 -1.264948890215778013e-22
3.359375000000000000e-01 1.295988251288333205e-22
3.369140625000000000e-01 2.765925594429915105e-22
3.378906250000000000e-01 4.743757123715789620e-23
3.388671875000000000e-01 3.279483256823317046e-22
3.398437500000000000e-01 2.952124758469306873e-22
3.408203125000000000e-01 3.268934942414051738e-23
3.417968750000000000e-01 -2.065323316376989334e-22
3.427734375000000000e-01 -1.794920797929953262e-23
3.437500000000000000e-01 -9.790853002084673645e-23
3.447265625000000000e-01 2.203273078451890970e-22
3.457031250000000000e-01 -1.500110713153176867e-25
3.466796875000000000e-01 2.537376217634597747e-22
3.476562500000000000e-01 -5.379658345585581444e-22
3.486328125000000000e-01 -1.279462891090546053e-22
3.496093750000000000e-01 -1.755117690272686687e-22
3.505859375000000000e-01 -2.297701790060705420e-22
3.515625000000000000e-01 2.084452854908402484e-22
3.525390625000000000e-01 -1.485711447363764664e-22
3.535156250000000000e-01 1.436074078446160048e-22
3.544921875000000000e-01 1.073366836420949286e-23
3.554687500000000000e-01 3.108785449168805607e-23
3.564453125000000000e-01 -1.757924237756968087e-22
3.574218750000000000e-01 -1.289979145262877913e-22
3.583984375000000000e-01 9.006890870103075989e-23
3.593750000000000000e-01 -1.073696250381547144e-22
3.603515625000000000e-01 -1.328646517921687888e-22
3.613281250000000000e-01 -2.163160700166250486e-23
3.623046875000000000e-01 1.513305432166269411e-22
3.632812500000000000e-01 -4.620225485025666481e-22
3.642578125000000000e-01 -1.035394856238381545e-22
3.652343750000000000e-01 -5.514997743381338933e-23
3.662109375000000000e-01 7.090442203932687630e-23
3.671875000000000000e-01 2.343259416093414238e-23
3.681640625000000000e-01 -1.645756188016199185e-22
3.691406250000000000e-01 1.927551584546687693e-22
3.701171875000000000e-01 -1.908476031659846564e-22
3.710937500000000000e-01 1.320891556996852899e-22
3.720703125000000000e-01 -2.970898727178137850e-22
3.730468750000000000e-01 3.921087985451094623e-23
3.740234375000000000e-01 -7.755115368708970268e-23
3.750000000000000000e-01 -3.720903762615095389e-22
3.759765625000000000e-01 -1.130213071116345391e-22
3.769531250000000000e-01 -2.775747483535360682e-23
3.779296875000000000e-01 8.256645178065677010e-23
3.789062500000000000e-01 -4.105531728479645044e-22
3.798828125000000000e-01 -2.269132550261714578e-22
3.808593750000000000e-01 -2.502333520666957665e-22
3.818359375000000000e-01 -2.501756646406916537e-22
3.828125000000000000e-01 1.701439675766181429e-22
3.837890625000000000e-01 7.035322239806539803e-23
3.847656250000000000e-01 1.290053183705312085e-22
3.857421875000000000e-01 1.306555824675248456e-22
3.867187500000000000e-01 -8.589977125049972367e-23
3.876953125000000000e-01 -2.003864658346372614e-22
3.886718750000000000e-01 1.392702594607181415e-22
3.896484375000000000e-01 -1.656662002316354181e-22
3.906250000000000000e-01 1.832528425914913050e-22
3.916015625000000000e-01 -2.438771412903514613e-22
3.925781250000000000e-01 -1.669610951748016045e-22
3.935546875000000000e-01 4.642610858075843665e-23
3.945312500000000000e-01 3.966646319228680906e-22
3.955078125000000000e-01 -2.781321853508528990e-22
3.964843750000000000e-01 -5.710128920342206172e-23
3.974609375000000000e-01 3.254757269002217417e-22
3.984375000000000000e-01 -1.394382711696681597e-22
3.994140625000000000e-01 7.757485662185951399e-23
4.003906250000000000e-01 1.238168947538697295e-22
4.013671875000000000e-01 2.090155511832885382e-22
4.023437500000000000e-01 -8.314091547087856165e-23
4.033203125000000000e-01 7.588938132864807272e-23
4.042968750000000000e-01 -3.778336522281407814e-23
4.052734375000000000e-01 -3.081452605871106268e-22
4.062500000000000000e-01 -1.486211326889317633e-22
4.072265625000000000e-01 -1.610908450859240959e-23
4.082031250000000000e-01 4.754326915069409374e-23
4.091796875000000000e-01 -5.629637371917984163e-23
4.101562500000000000e-01 -2.377757577664842938e-22
4.111328125000000000e-01 3.103257011648874852e-22
4.121093750000000000e-01 -3.167507209624793479e-22
4.130859375000000000e-01 -9.851378478779950180e-23
4.140625000000000000e-01 1.082855916564844198e-22
4.150390625000000000e-01 6.047742848338816928e-23
4.160156250000000000e-01 1.335922412928097678e-22
4.169921875000000000e-01 4.184147480287320820e-22
4.179687500000000000e-01 2.825056507417435792e-22
4.189453125000000000e-01 -2.092574271737919048e-22
4.199218750000000000e-01 2.716011596822017081e-22
4.208984375000000000e-01 3.370915238272480155e-23
4.218750000000000000e-01 -2.459064786410809939e-22
4.228515625000000000e-01 1.149764333259567737e-22
4.238281250000000000e-01 -1.462270996635571281e-22
4.248046875000000000e-01 -1.895531744209690807e-22
4.257812500000000000e-01 4.903922155830213620e-22
4.267578125000000000e-01 2.598293644475705107e-22
4.277343750000000000e-01 4.883605605290913951e-22
4.287109375000000000e-01 -1.488717468233378929e-23
4.296875000000000000e-01 1.442784407668798931e-23
4.306640625000000000e-01 -9.691301688771824026e-23
4.316406250000000000e-01 -3.643896863148816891e-22
4.326171875000000000e-01 -3.333545909588392812e-22
4.335937500000000000e-01 2.193253072547165977e-22
4.345703125000000000e-01 -1.164937266457866770e-22
4.355468750000000000e-01 1.762032296761139024e-22
4.365234375000000000e-01 1.259809573366615499e-22
4.375000000000000000e-01 -3.508212077138542525e-23
4.384765625000000000e-01 5.719942455402716296e-23
4.394531250000000000e-01 -1.230087314577521653e-22
4.404296875000000000e-01 3.364038149414536149e-23
4.414062500000000000e-01 3.987624108919810380e-23
4.423828125000000000e-01 -2.800888275927798195e-22
4.433593750000000000e-01 1.095472871680884271e-22
4.443359375000000000e-01 -1.264570276434607701e-22
4.453125000000000000e-01 -6.992261609609722465e-22
4.462890625000000000e-01 -3.067331529257118938e-22
4.472656250000000000e-01 4.504422482122188373e-22
4.482421875000000000e-01 4.091559254527764119e-22
4.492187500000000000e-01 -2.534211798692297091e-22
4.501953125000000000e-01 1.712759091822626488e-22
4.511718750000000000e-01 -1.987373990705413547e-22
4.521484375000000000e-01 -7.332889370600359968e-23
4.531250000000000000e-01 1.860186129339550684e-22
4.541015625000000000e-01 -1.925042135200938899e-22
4.550781250000000000e-01 4.444978628989987131e-22
4.560546875000000000e-01 -2.658187917413061903e-22
4.570312500000000000e-01 -2.017366400590484923e-22
4.580078125000000000e-01 4.053881600174334359e-24
4.589843750000000000e-01 -1.197332812577818503e-22
4.599609375000000000e-01 5.276474942583696723e-22
4.609375000000000000e-01 -1.671232050897491770e-22
4.619140625000000000e-01 -3.009339634898789732e-22
4.628906250000000000e-01 -6.075810857979893334e-23
4.638671875000000000e-01 2.302983525480658879e-23
4.648437500000000000e-01 1.389841160068241613e-22
4.658203125000000000e-01 5.166684812786677954e-23
4.667968750000000000e-01 -2.846768280655006360e-24
4.677734375000000000e-01 1.561435622150280798e-22
4.687500000000000000e-01 -1.707622514740461235e-22
4.697265625000000000e-01 2.966765129767796783e-22
4.707031250000000000e-01 -8.803692439895284528e-23
4.716796875000000000e-01 3.532665153286104464e-22
4.726562500000000000e-01 1.281267313405992155e-22
4.736328125000000000e-01 3.869466695750345426e-22
4.746093750000000000e-01 9.424232985726816519e-24
4.755859375000000000e-01 4.874689871553000192e-23
4.765625000000000000e-01 -6.872024283865666184e-23
4.775390625000000000e-01 3.414189958531686551e-22
4.785156250000000000e-01 7.008409737611104729e-23
4.794921875000000000e-01 1.951368330448966750e-22
4.804687500000000000e-01 -4.099835569450284739e-22
4.814453125000000000e-01 2.687085486988365716e-22
4.824218750000000000e-01 2.229907867009849800e-22
4.833984375000000000e-01 -2.537850207921531053e-22
4.843750000000000000e-01 5.059422732031785635e-23
4.853515625000000000e-01 -6.642974913069420972e-23
4.863281250000000000e-01 1.408383748686181271e-22
4.873046875000000000e-01 -1.754059777126859415e-22
4.882812500000000000e-01 -3.074832586618596869e-22
4.892578125000000000e-01 3.667756086258560767e-23
4.902343750000000000e-01 -6.701606341487110599e-25
4.912109375000000000e-01 -1.826798401821556768e-22
4.921875000000000000e-01 -1.397009223074004818e-22
4.931640625000000000e-01 -4.460827346945604925e-23
4.941406250000000000e-01 -1.035329045237828457e-22
4.951171875000000000e-01 1.349076518005160292e-22
4.960937500000000000e-01 -2.437185367985479718e-22
4.970703125000000000e-01 7.764163366796326904e-22
4.980468750000000000e-01 -1.982818551955552494e-22
4.990234375000000000e-01 2.962819334127551573e-22
5.000000000000000000e-01 3.242690156733266835e-22
5.009765625000000000e-01 -3.009087415900370632e-22
5.019531250000000000e-01 -1.922090928066346330e-22
5.029296875000000000e-01 -2.287540528118177070e-22
5.039062500000000000e-01 -5.066944082237722252e-23
5.048828125000000000e-01 1.451652381291030187e-22
5.058593750000000000e-01 3.926653354176406701e-22
5.068359375000000000e-01 -1.170965732869269803e-22
5.078125000000000000e-01 -1.702911855889930929e-22
5.087890625000000000e-01 -2.366792490428031879e-22
5.097656250000000000e-01 -1.606596489252811583e-22
5.107421875000000000e-01 3.745416139215132340e-23
5.117187500000000000e-01 1.950241779766504774e-22
5.126953125000000000e-01 2.174999527382026247e-22
5.136718750000000000e-01 -3.373956893129406897e-23
5.146484375000000000e-01 -1.914811785062795810e-22
5.156250000000000000e-01 -7.923659376273176933e-23
5.166015625000000000e-01 -9.896187862806318784e-23
5.175781250000000000e-01 3.510255170968261448e-22
5.185546875000000000e-01 -2.904242350844322952e-22
5.195312500000000000e-01 -1.416726437636151065e-22
5.205078125000000000e-01 2.631255494309417397e-22
5.214843750000000000e-01 -3.123635924439736884e-22
5.224609375000000000e-01 2.720738213802091672e-22
5.234375000000000000e-01 9.602872553782007339e-23
5.244140625000000000e-01 1.208732222218356165e-23
5.253906250000000000e-01 2.108028825976718794e-22
5.263671875000000000e-01 -1.887844664885776288e-22
5.273437500000000000e-01 -1.189132379143387095e-22
5.283203125000000000e-01 -1.034389890404724657e-22
5.292968750000000000e-01 -2.514035812012255381e-22
5.302734375000000000e-01 -3.242870418356101061e-23
5.312500000000000000e-01 1.610708362023259695e-22
5.322265625000000000e-01 -9.854649780793125122e-24
5.332031250000000000e-01 -7.923727387520791703e-23
5.341796875000000000e-01 -3.483762731812865621e-22
5.351562500000000000e-01 -3.078762036801725131e-22
5.361328125000000000e-01 -2.256136929920711091e-22
5.371093750000000000e-01 2.297153555837873462e-22
5.380859375000000000e-01 6.035399102501008072e-22
5.390625000000000000e-01 3.979796835444246375e-23
5.400390625000000000e-01 -2.378438518191864240e-22
5.410156250000000000e-01 -9.182076221216878554e-23
5.419921875000000000e-01 2.113453547306991916e-22
5.429687500000000000e-01 -1.792890944389714301e-22
5.439453125000000000e-01 4.609492396293603869e-23
5.449218750000000000e-01 -2.816329652754321618e-22
5.458984375000000000e-01 -2.923024530302507302e-23
5.468750000000000000e-01 2.403000002998869679e-23
5.478515625000000000e-01 2.843312027767807251e-22
5.488281250000000000e-01 8.269546791608957733e-23
5.498046875000000000e-01 6.547675555087871157e-23
5.507812500000000000e-01 -3.291703758482671531e-22
5.517578125000000000e-01 -4.914530248087298372e-22
5.527343750000000000e-01 -6.900949080258531403e-22
5.537109375000000000e-01 -1.784445392015749892e-22
5.546875000000000000e-01 -3.927667197578178018e-22
5.556640625000000000e-01 2.312257370754576597e-22
5.566406250000000000e-01 -1.565088719273129774e-23
5.576171875000000000e-01 1.689480829873346186e-23
5.585937500000000000e-01 -1.313910510028963398e-22
5.595703125000000000e-01 4.001584023536744299e-22
5.605468750000000000e-01 4.850477069903158191e-22
5.615234375000000000e-01 -1.795239410600964070e-22
5.625000000000000000e-01 6.543683921869487012e-23
5.634765625000000000e-01 1.218053112742774681e-22
5.644531250000000000e-01 -2.197531909285244420e-22
5.654296875000000000e-01 7.488877038950121461e-23
5.664062500000000000e-01 -2.079928072959831943e-22
5.673828125000000000e-01 3.798254809005533517e-22
5.683593750000000000e-01 6.512849982489951138e-23
5.693359375000000000e-01 1.595792181643134338e-22
5.703125000000000000e-01 1.763779101850272382e-22
5.712890625000000000e-01 -3.339421166590483275e-23
5.722656250000000000e-01 -4.698000818133113443e-23
5.732421875000000000e-01 -1.075991322123273485e-22
5.742187500000000000e-01 -3.078340692701277540e-24
5.751953125000000000e-01 2.883862790087696032e-22
5.761718750000000000e-01 -1.851303654277443390e-23
5.771484375000000000e-01 -1.849527388958325887e-22
5.781250000000000000e-01 -2.147934677184159519e-22
5.791015625000000000e-01 -1.675155897000913007e-22
5.800781250000000000e-01 4.175197461611162258e-23
5.810546875000000000e-01 -7.150130118727111927e-23
5.820312500000000000e-01 4.994921404488735560e-23
5.830078125000000000e-01 6.442001760415245253e-23
5.839843750000000000e-01 7.915040545279489217e-23
5.849609375000000000e-01 -2.214505755255829367e-22
5.859375000000000000e-01 -2.840352640202081832e-22
5.869140625000000000e-01 3.329586414123206737e-23
5.878906250000000000e-01 -1.959930686437602956e-22
5.888671875000000000e-01 5.356923044538518115e-23
5.898437500000000000e-01 -8.782107485440677306e-23
5.908203125000000000e-01 2.602938082047247439e-22
5.917968750000000000e-01 7.872920447342844502e-23
5.927734375000000000e-01 -7.098181496683268151e-23
5.937500000000000000e-01 3.144042526547966069e-23
5.947265625000000000e-01 3.427831691806657853e-23
5.957031250000000000e-01 1.181244366492525646e-22
5.966796875000000000e-01 3.932855734860539563e-22
5.976562500000000000e-01 -2.772324244061342780e-23
5.986328125000000000e-01 -2.178029240217273845e-22
5.996093750000000000e-01 1.116321415878810101e-23
6.005859375000000000e-01 -2.071815325872093816e-22
6.015625000000000000e-01 -1.221873695010192790e-22
6.025390625000000000e-01 3.041110133382355248e-22
6.035156250000000000e-01 3.244777686355011365e-22
6.044921875000000000e-01 -1.909062277607780356e-23
6.054687500000000000e-01 -1.269582367609822618e-22
6.064453125000000000e-01 2.782024239167985072e-22
6.074218750000000000e-01 1.957307577241428982e-22
6.083984375000000000e-01 -1.464119116292096049e-22
6.093750000000000000e-01 -9.294374243045806452e-23
6.103515625000000000e-01 7.504413677709110552e-23
6.113281250000000000e-01 -5.792290510930961603e-23
6.123046875000000000e-01 4.309454766981851033e-23
6.132812500000000000e-01 2.165628991306995686e-22
6.142578125000000000e-01 9.077734811960996094e-23
6.152343750000000000e-01 7.123094937221815524e-22
6.162109375000000000e-01 2.741272248140695213e-22
6.171875000000000000e-01 -5.452128291185034692e-23
6.181640625000000000e-01 -3.210132638469297526e-23
6.191406250000000000e-01 -3.397701268017590235e-22
6.201171875000000000e-01 -1.887162529004148984e-22
6.210937500000000000e-01 1.930217734876142965e-22
6.220703125000000000e-01 5.990415431166252139e-23
6.230468750000000000e-01 -1.933485100816381423e-22
6.240234375000000000e-01 -5.194348747676603511e-23
6.250000000000000000e-01 -2.420223160964635472e-23
6.259765625000000000e-01 -2.075551330048791736e-23
6.269531250000000000e-01 -1.518786779163062823e-22
6.279296875000000000e-01 6.520533168931971639e-23
6.289062500000000000e-01 1.824948132590563306e-22
6.298828125000000000e-01 -4.534972612563916669e-22
6.308593750000000000e-01 3.497845242663293157e-22
6.318359375000000000e-01 6.245818898597277123e-23
6.328125000000000000e-01 9.631103497443893827e-23
6.337890625000000000e-01 -8.887047675867012070e-23
6.347656250000000000e-01 -4.582709167157562261e-22
6.357421875000000000e-01 4.404972847306525765e-22
6.367187500000000000e-01 4.500472468608378372e-22
6.376953125000000000e-01 1.222037971360132333e-22
6.386718750000000000e-01 2.500920520018812256e-23
6.396484375000000000e-01 1.902887172438263848e-22
6.406250000000000000e-01 8.488728743467953888e-23
6.416015625000000000e-01 3.249775983372486070e-22
6.425781250000000000e-01 9.604835448053117159e-23
6.435546875000000000e-01 1.177792537464269865e-22
6.445312500000000000e-01 1.916205227540556427e-22
6.455078125000000000e-01 -1.466947004550930152e-23
6.464843750000000000e-01 6.824549560934036216e-23
6.474609375000000000e-01 4.817106499701861547e-23
6.484375000000000000e-01 1.467964657057922550e-22
6.494140625000000000e-01 -9.856967702947284989e-24
6.503906250000000000e-01 2.437598719849556413e-22
6.513671875000000000e-01 -1.282307305568894394e-22
6.523437500000000000e-01 -4.396783404297961909e-23
6.533203125000000000e-01 -4.990404017518452637e-22
6.542968750000000000e-01 -2.634385989612419630e-22
6.552734375000000000e-01 -3.975062620648185625e-22
6.562500000000000000e-01 -2.536739157547901081e-22
6.572265625000000000e-01 -8.101931785183906329e-23
6.582031250000000000e-01 -3.463648040860275949e-22
6.591796875000000000e-01 -1.979013842588459117e-23
6.601562500000000000e-01 3.467742328540536562e-23
6.611328125000000000e-01 2.309254012404588835e-22
6.621093750000000000e-01 1.513725018209893626e-22
6.630859375000000000e-01 -1.662069679776336171e-22
6.640625000000000000e-01 -2.135317814403866738e-22
6.650390625000000000e-01 -3.285791901876196120e-23
6.660156250000000000e-01 1.275605966304414732e-22
6.669921875000000000e-01 -1.092618466198540916e-23
6.679687500000000000e-01 -2.063371696156146865e-22
6.689453125000000000e-01 1.631887577106850968e-22
6.699218750000000000e-01 -4.647866237356646359e-23
6.708984375000000000e-01 -1.324008274939356727e-22
6.718750000000000000e-01 3.119928715276549249e-22
6.728515625000000000e-01 -8.394791533528102905e-23
6.738281250000000000e-01 2.944803101049755240e-22
6.748046875000000000e-01 -1.965612817127802245e-22
6.757812500000000000e-01 -9.007532953078722988e-23
6.767578125000000000e-01 2.163442613213216708e-22
6.777343750000000000e-01 5.698344987754238557e-23
6.787109375000000000e-01 5.516588944959353708e-23
6.796875000000000000e-01 2.370910453698517689e-22
6.806640625000000000e-01 1.280805260081018397e-22
6.816406250000000000e-01 6.838666117299091936e-23
6.826171875000000000e-01 2.037290647689962874e-22
6.835937500000000000e-01 1.764330223160492646e-23
6.845703125000000000e-01 9.576714552524614852e-23
6.855468750000000000e-01 1.383608815680603747e-22
6.865234375000000000e-01 6.243645391467737728e-23
6.875000000000000000e-01 -1.730700411544721839e-22
6.884765625000000000e-01 -4.714934697219353190e-22
6.894531250000000000e-01 -4.577204233828040816e-23
6.904296875000000000e-01 -1.073658001905328263e-22
6.914062500000000000e-01 1.246530574276774272e-22
6.923828125000000000e-01 2.545358627835509220e-22
6.933593750000000000e-01 1.769691180569896365e-22
6.943359375000000000e-01 -6.837171527603978629e-23
6.953125000000000000e-01 3.082290364254302405e-23
6.962890625000000000e-01 -5.563995252314895335e-23
6.972656250000000000e-01 -1.118579814295549434e-22
6.982421875000000000e-01 -5.131353439524633045e-23
6.992187500000000000e-01 9.972041376199869074e-24
7.001953125000000000e-01 5.770816358835498545e-23
7.011718750000000000e-01 -1.861118875382504078e-23
7.021484375000000000e-01 1.663770857673904333e-22
7.031250000000000000e-01 1.176599997888052906e-22
7.041015625000000000e-01 8.408346278770304829e-23
7.050781250000000000e-01 4.226210762843164062e-23
7.060546875000000000e-01 3.182731606930279908e-23
7.070312500000000000e-01 -3.486508146412612356e-22
7.080078125000000000e-01 1.393632687375247809e-23
7.089843750000000000e-01 -9.190233296769367910e-23
7.099609375000000000e-01 3.352200314627945760e-24
7.109375000000000000e-01 -1.348677171057870564e-22
7.119140625000000000e-01 8.607238922726301403e-23
7.128906250000000000e-01 1.898784171134521332e-22
7.138671875000000000e-01 -4.378041816873138634e-22
7.148437500000000000e-01 -3.249421087912246902e-22
7.158203125000000000e-01 3.797162915093115990e-24
7.167968750000000000e-01 -6.619247008323373509e-23
7.177734375000000000e-01 -8.861121964962851919e-23
7.187500000000000000e-01 1.533516345942482993e-22
7.197265625000000000e-01 4.560805924498204529e-24
7.207031250000000000e-01 -1.513185271602421505e-22
7.216796875000000000e-01 1.429724825083730776e-22
7.226562500000000000e-01 -1.798821452163734326e-22
7.236328125000000000e-01 7.662529568435684948e-23
7.246093750000000000e-01 -1.711781386222458205e-22
7.255859375000000000e-01 -2.534278791804917636e-22
7.265625000000000000e-01 -3.221279555351673545e-22
7.275390625000000000e-01 -3.534561641933758955e-22
7.285156250000000000e-01 2.754007700931753071e-22
7.294921875000000000e-01 1.432439841963959816e-22
7.304687500000000000e-01 -8.121973613284328993e-23
7.314453125000000000e-01 -3.709588986835668171e-23
7.324218750000000000e-01 -1.105190923427295933e-22
7.333984375000000000e-01 -4.465332842507070711e-22
7.343750000000000000e-01 2.584154508646320384e-22
7.353515625000000000e-01 4.334100160994454521e-22
7.363281250000000000e-01 1.865773395712501881e-22
7.373046875000000000e-01 -3.992235432979998836e-23
7.382812500000000000e-01 3.086143323945164967e-22
7.392578125000000000e-01 -1.165720559316444565e-22
7.402343750000000000e-01 7.835408062969082970e-23
7.412109375000000000e-01 -4.656173200825108072e-22
7.421875000000000000e-01 3.431462050254044055e-23
7.431640625000000000e-01 -6.836244470982810555e-23
7.441406250000000000e-01 7.568020864135494150e-24
7.451171875000000000e-01 3.138403015011261411e-22
7.460937500000000000e-01 -1.390489755800485356e-22
7.470703125000000000e-01 -2.204530333656807893e-22
7.480468750000000000e-01 8.415892366653160673e-24
7.490234375000000000e-01 -2.300324646454588230e-22
7.500000000000000000e-01 1.706759852884319029e-22
7.509765625000000000e-01 -9.716134283964132957e-23
7.519531250000000000e-01 -5.405439969600963748e-23
7.529296875000000000e-01 8.795868511531207492e-23
7.539062500000000000e-01 -8.299614588789238915e-23
7.548828125000000000e-01 -4.276324733768593317e-22
7.558593750000000000e-01 2.397900174479844947e-22
7.568359375000000000e-01 1.589444645966863208e-22
7.578125000000000000e-01 3.494826657424338316e-23
7.587890625000000000e-01 -2.887175079786920661e-22
7.597656250000000000e-01 3.271679547621342637e-22
7.607421875000000000e-01 -4.521751661543295172e-22
7.617187500000000000e-01 -1.683358424429334781e-22
7.626953125000000000e-01 -3.504363624926933616e-23
7.636718750000000000e-01 2.814104396798805792e-22
7.646484375000000000e-01 -2.051915598983414148e-22
7.656250000000000000e-01 -8.143923411065992433e-23
7.666015625000000000e-01 -4.166892306655201174e-23
7.675781250000000000e-01 -1.755951286986354503e-22
7.685546875000000000e-01 3.572074163159230851e-22
7.695312500000000000e-01 1.028088156824888283e-22
7.705078125000000000e-01 2.230838594381395986e-22
7.714843750000000000e-01 2.769020000949969459e-22
7.724609375000000000e-01 5.468925528710748787e-23
7.734375000000000000e-01 -3.903124839816457040e-22
7.744140625000000000e-01 -2.724297701036948418e-23
7.753906250000000000e-01 -2.515539219017113737e-22
7.763671875000000000e-01 -3.684696721995333318e-22
7.773437500000000000e-01 2.260398972273622794e-22
7.783203125000000000e-01 2.243690434638028756e-23
7.792968750000000000e-01 1.670236205609437767e-22
7.802734375000000000e-01 1.716871895196919828e-22
7.812500000000000000e-01 -1.792455416957314980e-23
7.822265625000000000e-01 -1.048032405232895574e-22
7.832031250000000000e-01 -7.998439614052563957e-24
7.841796875000000000e-01 4.047998519082619708e-22
7.851562500000000000e-01 1.293539334140016980e-22
7.861328125000000000e-01 2.649262855577156109e-22
7.871093750000000000e-01 -3.760020350603364018e-23
7.880859375000000000e-01 -2.677354295958367259e-23
7.890625000000000000e-01 -6.705293199782037437e-23
7.900390625000000000e-01 2.903381476422590538e-22
7.910156250000000000e-01 1.228864872710186435e-22
7.919921875000000000e-01 -1.629515489346537896e-22
7.929687500000000000e-01 6.664604076255711007e-24
7.939453125000000000e-01 2.121107536267292807e-22
7.949218750000000000e-01 -4.321696911702651693e-22
7.958984375000000000e-01 -5.799803253795390923e-23
7.968750000000000000e-01 -2.295469659210793013e-22
7.978515625000000000e-01 -2.933645280339111616e-22
7.988281250000000000e-01 -3.961117963641215393e-22
7.998046875000000000e-01 5.101899767033707729e-23
8.007812500000000000e-01 1.675634082545952801e-22
8.017578125000000000e-01 1.095310562251648779e-22
8.027343750000000000e-01 1.009785206518719349e-22
8.037109375000000000e-01 1.460539786574373863e-22
8.046875000000000000e-01 -1.717677979989105755e-22
8.056640625000000000e-01 7.757731312750769004e-23
8.066406250000000000e-01 8.462264284435685781e-23
8.076171875000000000e-01 3.167153760241634274e-22
8.085937500000000000e-01 -2.738174505049277865e-22
8.095703125000000000e-01 -1.155180166659100026e-22
8.105468750000000000e-01 8.836908497318721084e-24
8.115234375000000000e-01 2.296072595098370840e-22
8.125000000000000000e-01 8.578083307015862056e-23
8.134765625000000000e-01 4.212795384564207161e-22
8.144531250000000000e-01 -2.627780286156002750e-22
8.154296875000000000e-01 2.169276435144942812e-23
8.164062500000000000e-01 -2.264420955193305682e-22
8.173828125000000000e-01 -3.778088302523337233e-23
8.183593750000000000e-01 3.107930865738036992e-22
8.193359375000000000e-01 -2.142105393854429559e-22
8.203125000000000000e-01 9.826998268383790755e-25
8.212890625000000000e-01 -1.901720143418891513e-22
8.222656250000000000e-01 -2.047526516536242951e-23
8.232421875000000000e-01 -8.894649861764961465e-23
8.242187500000000000e-01 -1.274853323639373952e-22
8.251953125000000000e-01 -4.857207535072158150e-23
8.261718750000000000e-01 -2.982292005765363764e-22
8.271484375000000000e-01 -2.919405807048839498e-22
8.281250000000000000e-01 -1.584870920729199965e-23
8.291015625000000000e-01 9.310051848302833171e-23
8.300781250000000000e-01 6.893767589401396923e-23
8.310546875000000000e-01 -5.518280776983161626e-23
8.320312500000000000e-01 3.880433805951407465e-22
8.330078125000000000e-01 2.694768654729494551e-22
8.339843750000000000e-01 2.588843564980072770e-22
8.349609375000000000e-01 1.398184206377068112e-22
8.359375000000000000e-01 -1.513630392070484994e-22
8.369140625000000000e-01 -2.937796350672557222e-22
8.378906250000000000e-01 -3.497747074948188009e-22
8.388671875000000000e-01 -9.252253323741342625e-24
8.398437500000000000e-01 4.314676564818689647e-22
8.408203125000000000e-01 1.569838004799159648e-22
8.417968750000000000e-01 -2.097420785423457308e-22
8.427734375000000000e-01 -4.388837538321845044e-22
8.437500000000000000e-01 4.299676558407867885e-22
8.447265625000000000e-01 -3.977546972056171971e-22
8.457031250000000000e-01 -6.153341230679453374e-23
8.466796875000000000e-01 -6.512111610744895371e-22
8.476562500000000000e-01 1.811937089801461885e-22
8.486328125000000000e-01 2.734557851029393672e-22
8.496093750000000000e-01 9.561692342032572286e-23
8.505859375000000000e-01 2.767538578618631310e-23
8.515625000000000000e-01 5.175306196006534949e-23
8.525390625000000000e-01 -4.610522101209788404e-23
8.535156250000000000e-01 -1.923301574595001150e-22
8.544921875000000000e-01 9.670155477611251454e-23
8.554687500000000000e-01 8.172268112665572454e-23
8.564453125000000000e-01 1.497054486572865493e-22
8.574218750000000000e-01 3.321594087306793691e-22
8.583984375000000000e-01 -2.562556988644278512e-22
8.593750000000000000e-01 -1.168802051058737834e-22
8.603515625000000000e-01 -5.337981783141890046e-23
8.613281250000000000e-01 -1.010562742052201615e-22
8.623046875000000000e-01 -4.393732761106031636e-22
8.632812500000000000e-01 -2.271488044006397002e-22
8.642578125000000000e-01 -1.128302863664026876e-22
8.652343750000000000e-01 1.152744232288468036e-24
8.662109375000000000e-01 -1.029940981182744613e-22
8.671875000000000000e-01 -1.720316565414730617e-22
8.681640625000000000e-01 -5.676011811325447772e-22
8.691406250000000000e-01 5.202269254043363936e-23
8.701171875000000000e-01 2.265371869212453964e-22
8.710937500000000000e-01 2.185142921299727637e-22
8.720703125000000000e-01 -3.123345903378725840e-22
8.730468750000000000e-01 -2.171926525962169789e-22
8.740234375000000000e-01 2.729783683912493569e-22
8.750000000000000000e-01 2.813310171379652549e-23
8.759765625000000000e-01 -2.872047897399172963e-22
8.769531250000000000e-01 -5.618541141882046259e-22
8.779296875000000000e-01 7.624683762301591178e-23
8.789062500000000000e-01 1.697058139519544438e-22
8.798828125000000000e-01 -3.813116986557564671e-23
8.808593750000000000e-01 3.009035262225207430e-22
8.818359375000000000e-01 -2.243182903177497784e-22
8.828125000000000000e-01 -1.369197670481491366e-22
8.837890625000000000e-01 -2.024149740323946638e-22
8.847656250000000000e-01 -4.733232100634181267e-23
8.857421875000000000e-01 -1.297203455688922072e-22
8.867187500000000000e-01 -1.286994783254879455e-22
8.876953125000000000e-01 4.216076720036959845e-22
8.886718750000000000e-01 1.449509511821337628e-22
8.896484375000000000e-01 2.362814101823216345e-22
8.906250000000000000e-01 -1.260603676647493591e-22
8.916015625000000000e-01 3.699343266996907668e-22
8.925781250000000000e-01 2.757398180054702091e-22
8.935546875000000000e-01 2.557681701332276924e-25
8.945312500000000000e-01 -3.249180722313291127e-23
8.955078125000000000e-01 -7.664407745681802704e-23
8.964843750000000000e-01 2.421272118325860517e-23
8.974609375000000000e-01 -1.419996014580186892e-22
8.984375000000000000e-01 -2.205315296363671809e-22
8.994140625000000000e-01 -1.934831605513553395e-22
9.003906250000000000e-01 -2.687075948414410886e-22
9.013671875000000000e-01 -1.998580913729160224e-22
9.023437500000000000e-01 -5.170526201865101480e-23
9.033203125000000000e-01 3.474043945863834115e-22
9.042968750000000000e-01 -3.349812520725486563e-23
9.052734375000000000e-01 2.974260784969000841e-22
9.062500000000000000e-01 -2.829611218647208160e-22
9.072265625000000000e-01 4.524932779871633073e-22
9.082031250000000000e-01 -1.524083954839259536e-22
9.091796875000000000e-01 1.074241392603049029e-22
9.101562500000000000e-01 3.323608134014000102e-23
9.111328125000000000e-01 1.053537302843326930e-22
9.121093750000000000e-01 -3.572872050208396823e-22
9.130859375000000000e-01 2.481844977501766812e-22
9.140625000000000000e-01 1.734967140186970569e-22
9.150390625000000000e-01 4.431514232166636846e-23
9.160156250000000000e-01 -1.437979187714531338e-22
9.169921875000000000e-01 -1.628443641547340408e-22
9.179687500000000000e-01 -1.584695626419262069e-22
9.189453125000000000e-01 -1.444260490109778781e-22
9.199218750000000000e-01 1.128947107569478183e-22
9.208984375000000000e-01 4.276791842886015115e-23
9.218750000000000000e-01 2.978510314766991385e-22
9.228515625000000000e-01 1.644206625595663093e-22
9.238281250000000000e-01 1.317247648560119788e-22
9.248046875000000000e-01 1.797521151400523743e-22
9.257812500000000000e-01 -4.827008724846624588e-22
9.267578125000000000e-01 7.943762735155031080e-23
9.277343750000000000e-01 4.031395465430085949e-23
9.287109375000000000e-01 1.050096145559411648e-22
9.296875000000000000e-01 -2.186743768719852658e-23
9.306640625000000000e-01 -1.892237424172940463e-22
9.316406250000000000e-01 -2.302549303327288675e-22
9.326171875000000000e-01 -7.600907586374292009e-23
9.335937500000000000e-01 5.090387874046442985e-23
9.345703125000000000e-01 7.996961493390675936e-23
9.355468750000000000e-01 1.831915365256475613e-22
9.365234375000000000e-01 3.064225250470027313e-22
9.375000000000000000e-01 -1.501489134539144069e-22
9.384765625000000000e-01 -2.381210592495514668e-22
9.394531250000000000e-01 -2.152645255286952913e-22
9.404296875000000000e-01 -3.544222047546867220e-22
9.414062500000000000e-01 -1.053621470478498618e-22
9.423828125000000000e-01 -2.314326911794014650e-22
9.433593750000000000e-01 -6.192467231587188220e-23
9.443359375000000000e-01 1.932286093358253581e-24
9.453125000000000000e-01 -9.285318369014174447e-23
9.462890625000000000e-01 -2.693269026303665942e-22
9.472656250000000000e-01 -4.905563972628813368e-23
9.482421875000000000e-01 -3.515442947500518359e-23
9.492187500000000000e-01 2.033407675603820915e-24
9.501953125000000000e-01 -3.788778992468828480e-22
9.511718750000000000e-01 2.338977268437685508e-22
9.521484375000000000e-01 6.698790603494687334e-23
9.531250000000000000e-01 5.693454798647035638e-23
9.541015625000000000e-01 -1.651698903910771531e-22
9.550781250000000000e-01 8.534551614760019476e-23
9.560546875000000000e-01 -1.042896561989734498e-22
9.570312500000000000e-01 -1.808997147434981649e-22
9.580078125000000000e-01 -2.338495678236959782e-23
9.589843750000000000e-01 2.175971195230059706e-23
9.599609375000000000e-01 1.841290066910644541e-22
9.609375000000000000e-01 -4.770142715933267540e-22
9.619140625000000000e-01 1.904425892794498509e-22
9.628906250000000000e-01 2.925199088062216561e-22
9.638671875000000000e-01 9.734521538353722073e-23
9.648437500000000000e-01 1.355321897819793383e-23
9.658203125000000000e-01 1.182286862537961998e-22
9.667968750000000000e-01 -2.737705426461323744e-22
9.677734375000000000e-01 -1.042751233658720596e-22
9.687500000000000000e-01 2.159215016605813539e-22
9.697265625000000000e-01 2.349194692775118442e-22
9.707031250000000000e-01 3.808428271713620092e-22
9.716796875000000000e-01 9.398797945851096678e-23
9.726562500000000000e-01 2.621362338261465233e-22
9.736328125000000000e-01 1.428466268468131168e-22
9.746093750000000000e-01 1.367288067424590518e-22
9.755859375000000000e-01 -1.910186294083397226e-22
9.765625000000000000e-01 4.774497566017868195e-22
9.775390625000000000e-01 -2.712145125369233020e-22
9.785156250000000000e-01 2.854442286286148330e-22
9.794921875000000000e-01 5.017666083440827806e-25
9.804687500000000000e-01 6.221570613234020828e-23
9.814453125000000000e-01 -3.696631296886343071e-23
9.824218750000000000e-01 2.490366787741184088e-22
9.833984375000000000e-01 1.398574498890646334e-22
9.843750000000000000e-01 1.109339567081364550e-22
9.853515625000000000e-01 -2.086095463197253217e-22
9.863281250000000000e-01 -3.001203509920427234e-23
9.873046875000000000e-01 -1.620493805784009050e-22
9.882812500000000000e-01 -1.898856028811550365e-22
9.892578125000000000e-01 -8.059038201791699490e-23
9.902343750000000000e-01 1.081866699077352114e-23
9.912109375000000000e-01 1.907717210982425116e-22
9.921875000000000000e-01 -8.440638888624008778e-23
9.931640625000000000e-01 5.941864897120569779e-23
9.941406250000000000e-01 -3.046494019924322962e-22
9.951171875000000000e-01 1.397968269929899481e-22
9.960937500000000000e-01 4.293114120693891256e-23
9.970703125000000000e-01 1.316114904422857699e-22
9.980468750000000000e-01 -2.623866232071396917e-22
9.990234375000000000e-01 -2.077397271024778960e-22
