# times, noise
0.000000000000000000e+00 4.120299165294044822e-22
9.765625000000000000e-04 -1.843126544868932150e-22
1.953125000000000000e-03 4.045916105248774010e-23
2.929687500000000000e-03 -2.247505811737219234e-22
3.906250000000000000e-03 -3.994171175627612554e-23
4.882812500000000000e-03 3.627123380298624135e-22
5.859375000000000000e-03 -2.290877769865344790e-22
6.835937500000000000e-03 -3.081070035126200151e-23
7.812500000000000000e-03 1.440603884384932460e-22
8.789062500000000000e-03 3.860321002196707624e-22
9.765625000000000000e-03 -1.871561093377322416e-23
1.074218750000000000e-02 2.599890806452493267e-22
1.171875000000000000e-02 -5.299364135196816329e-23
1.269531250000000000e-02 -7.028711805012133218e-23
1.367187500000000000e-02 -1.700152230365767521e-24
1.464843750000000000e-02 -3.015052798451993567e-23
1.562500000000000000e-02 -1.200273389238662779e-22
1.660156250000000000e-02 8.911424895362820093e-23
1.757812500000000000e-02 -1.879179132800801017e-22
1.855468750000000000e-02 -1.871513658130701393e-22
1.953125000000000000e-02 1.020587489777158436e-22
2.050781250000000000e-02 -7.799891790174080427e-23
2.148437500000000000e-02 2.367670327121337245e-22
2.246093750000000000e-02 -1.363336510091448727e-22
2.343750000000000000e-02 -7.537100228811295195e-23
2.441406250000000000e-02 -2.450448308145396815e-22
2.539062500000000000e-02 -9.499055646373117932e-23
2.636718750000000000e-02 -1.405035907204552323e-22
2.734375000000000000e-02 -4.436442175805563076e-22
2.832031250000000000e-02 7.200290519266674879e-23
2.929687500000000000e-02 -1.751282113571600772e-22
3.027343750000000000e-02 1.678685567378762063e-22
3.125000000000000000e-02 -4.780520325614133048e-22
3.222656250000000000e-02 -1.053533201007633504e-22
3.320312500000000000e-02 -1.798035188117803779e-22
3.417968750000000000e-02 3.843759538836531295e-22
3.515625000000000000e-02 1.457437035956586994e-22
3.613281250000000000e-02 2.773894208096858625e-22
3.710937500000000000e-02 -2.066453310846592101e-22
3.808593750000000000e-02 -8.038324896934395421e-23
3.906250000000000000e-02 -2.073879766573726581e-22
4.003906250000000000e-02 -2.156633950564034938e-24
4.101562500000000000e-02 -2.393388127295286102e-22
4.199218750000000000e-02 3.042775880572385863e-22
4.296875000000000000e-02 -4.611567920864902311e-24
4.394531250000000000e-02 3.993546726884109456e-22
4.492187500000000000e-02 -2.691972273381476344e-23
4.589843750000000000e-02 -2.379371841980479917e-22
4.687500000000000000e-02 1.950905378926098680e-22
4.785156250000000000e-02 7.997059271799967801e-23
4.882812500000000000e-02 -6.966355383482382914e-23
4.980468750000000000e-02 -3.691351529392814656e-22
5.078125000000000000e-02 -7.134304401164517197e-23
5.175781250000000000e-02 2.597537627592102990e-24
5.273437500000000000e-02 1.543587093016196773e-22
5.371093750000000000e-02 3.337722257900814033e-24
5.468750000000000000e-02 -3.055323546136933549e-22
5.566406250000000000e-02 -1.390573531382024036e-22
5.664062500000000000e-02 2.631236897499469057e-22
5.761718750000000000e-02 -9.946315856260439773e-23
5.859375000000000000e-02 5.505045271986342266e-23
5.957031250000000000e-02 -3.196413845585331872e-22
6.054687500000000000e-02 -2.188186315703820681e-22
6.152343750000000000e-02 9.990170241081287087e-23
6.250000000000000000e-02 3.064321590627742323e-23
6.347656250000000000e-02 4.976231170540945962e-22
6.445312500000000000e-02 1.314300711642084686e-22
6.542968750000000000e-02 -7.473452427861409087e-23
6.640625000000000000e-02 1.257717115712784752e-22
6.738281250000000000e-02 -1.934612858023695671e-22
6.835937500000000000e-02 3.955355567766596642e-22
6.933593750000000000e-02 -2.603622668519947167e-22
7.031250000000000000e-02 1.553109876631832566e-22
7.128906250000000000e-02 -7.104714790481325375e-23
7.226562500000000000e-02 2.163263474419018057e-22
7.324218750000000000e-02 -4.841401306595269059e-22
7.421875000000000000e-02 -2.178659706529291963e-22
7.519531250000000000e-02 -1.545729601887178354e-22
7.617187500000000000e-02 1.139858445823314965e-22
7.714843750000000000e-02 4.652743914386920093e-22
7.812500000000000000e-02 -1.317420603026403708e-22
7.910156250000000000e-02 -7.254576542424317768e-23
8.007812500000000000e-02 -5.562548700847356123e-23
8.105468750000000000e-02 -2.223156151659786419e-22
8.203125000000000000e-02 -1.150019732292021135e-22
8.300781250000000000e-02 5.065129543526992171e-24
8.398437500000000000e-02 -1.867918218013858839e-22
8.496093750000000000e-02 3.354600375057969960e-22
8.593750000000000000e-02 1.154486970561829887e-22
8.691406250000000000e-02 -1.199163682488217920e-22
8.789062500000000000e-02 1.199368736555671412e-22
8.886718750000000000e-02 -1.792914149347993420e-22
8.984375000000000000e-02 8.180731922260417437e-23
9.082031250000000000e-02 1.518085680294117228e-22
9.179687500000000000e-02 2.158958032303479244e-22
9.277343750000000000e-02 -3.643043040910485557e-22
9.375000000000000000e-02 1.454040422648320505e-22
9.472656250000000000e-02 1.246782746863544651e-22
9.570312500000000000e-02 3.503671899501416375e-23
9.667968750000000000e-02 -6.128367915063962935e-22
9.765625000000000000e-02 1.641258692976944862e-22
9.863281250000000000e-02 5.912673071279907895e-22
9.960937500000000000e-02 1.517982514367041622e-22
1.005859375000000000e-01 -1.824557082787864957e-22
1.015625000000000000e-01 2.564216202189746238e-22
1.025390625000000000e-01 -2.729185758223653180e-22
1.035156250000000000e-01 -2.046063963593631406e-22
1.044921875000000000e-01 2.981964811503596482e-22
1.054687500000000000e-01 -2.439391812343228425e-22
1.064453125000000000e-01 1.590968485290046701e-22
1.074218750000000000e-01 -9.270657066281701257e-23
1.083984375000000000e-01 -5.252483892867522716e-23
1.093750000000000000e-01 1.097060693815884571e-22
1.103515625000000000e-01 -4.676871896704271951e-22
1.113281250000000000e-01 -4.232869985333676737e-22
1.123046875000000000e-01 1.538560580357736149e-23
1.132812500000000000e-01 -1.661230111477843238e-22
1.142578125000000000e-01 4.519628890405823716e-22
1.152343750000000000e-01 -1.420501400709980789e-22
1.162109375000000000e-01 4.453152641887253742e-22
1.171875000000000000e-01 -1.609065354091872234e-22
1.181640625000000000e-01 8.083040985530254173e-23
1.191406250000000000e-01 -3.377709615929976978e-22
1.201171875000000000e-01 -8.222890974782353019e-23
1.210937500000000000e-01 -3.480653196255956307e-22
1.220703125000000000e-01 1.789585588851030022e-22
1.230468750000000000e-01 9.965679991060120881e-23
1.240234375000000000e-01 -1.107078182222992066e-22
1.250000000000000000e-01 8.434969790075337263e-23
1.259765625000000000e-01 -4.234001664158892010e-22
1.269531250000000000e-01 -1.682306861188837109e-22
1.279296875000000000e-01 1.632494464618457297e-22
1.289062500000000000e-01 1.421376702119489565e-23
1.298828125000000000e-01 1.124726120594903982e-22
1.308593750000000000e-01 -4.768683926669571681e-23
1.318359375000000000e-01 -3.499042104449940085e-23
1.328125000000000000e-01 -1.789286142360938825e-22
1.337890625000000000e-01 1.721468614875801054e-22
1.347656250000000000e-01 -1.891175213659454821e-22
1.357421875000000000e-01 3.126191049423622552e-23
1.367187500000000000e-01 1.644328004164910898e-22
1.376953125000000000e-01 -3.585257800247208903e-22
1.386718750000000000e-01 1.507874038493021645e-22
1.396484375000000000e-01 1.880643886791733747e-23
1.406250000000000000e-01 4.744639591895157166e-23
1.416015625000000000e-01 -1.918204675734243171e-22
1.425781250000000000e-01 2.506051801219535263e-22
1.435546875000000000e-01 -1.214830969699617268e-22
1.445312500000000000e-01 2.870890790180886914e-22
1.455078125000000000e-01 2.434404748316685713e-23
1.464843750000000000e-01 -3.317706760590731503e-22
1.474609375000000000e-01 1.372265688087787851e-22
1.484375000000000000e-01 2.543639102885249696e-22
1.494140625000000000e-01 -9.530711152658255337e-23
1.503906250000000000e-01 -9.062511179064414051e-23
1.513671875000000000e-01 -2.029936065337550518e-22
1.523437500000000000e-01 3.619576325937758585e-22
1.533203125000000000e-01 2.901210020007289423e-22
1.542968750000000000e-01 -2.741088905435186598e-22
1.552734375000000000e-01 3.578213971569372252e-22
1.562500000000000000e-01 -1.554456246653881126e-22
1.572265625000000000e-01 3.302246068676047290e-22
1.582031250000000000e-01 -6.376395754684573609e-23
1.591796875000000000e-01 2.816689535586984449e-23
1.601562500000000000e-01 -9.611379232836035875e-23
1.611328125000000000e-01 -1.132111254974260289e-22
1.621093750000000000e-01 -2.528375259289184717e-22
1.630859375000000000e-01 4.130183650716330140e-23
1.640625000000000000e-01 4.253731947061588013e-22
1.650390625000000000e-01 -5.193932076642248849e-22
1.660156250000000000e-01 1.078375021279023800e-22
1.669921875000000000e-01 -1.850420140194337662e-23
1.679687500000000000e-01 1.347766652680609402e-22
1.689453125000000000e-01 -3.486034060746137954e-23
1.699218750000000000e-01 -2.213055048844656510e-23
1.708984375000000000e-01 -7.390344054195707286e-23
1.718750000000000000e-01 3.116751501914439554e-22
1.728515625000000000e-01 -2.345329267127283782e-22
1.738281250000000000e-01 1.268204150113151907e-22
1.748046875000000000e-01 -1.309856538464467160e-22
1.757812500000000000e-01 -1.863881304375611916e-22
1.767578125000000000e-01 -4.385029184717808505e-22
1.777343750000000000e-01 -1.262220777784344477e-22
1.787109375000000000e-01 -7.731341024880246295e-23
1.796875000000000000e-01 2.260725847792079979e-22
1.806640625000000000e-01 1.191091631592986111e-22
1.816406250000000000e-01 -2.004166813157250513e-22
1.826171875000000000e-01 -2.640045450993812588e-23
1.835937500000000000e-01 1.456785783463224242e-22
1.845703125000000000e-01 -1.528511257101668299e-22
1.855468750000000000e-01 -7.058964399431827661e-23
1.865234375000000000e-01 -6.363374677284076196e-23
1.875000000000000000e-01 1.794638198547335171e-22
1.884765625000000000e-01 2.502732512999136032e-22
1.894531250000000000e-01 1.905741632310434180e-22
1.904296875000000000e-01 -1.378149924811114561e-22
1.914062500000000000e-01 -3.970395118814804585e-23
1.923828125000000000e-01 4.588690970226645446e-22
1.933593750000000000e-01 -2.943057385648852734e-22
1.943359375000000000e-01 -1.428938163436327475e-22
1.953125000000000000e-01 -8.572504276108930910e-23
1.962890625000000000e-01 4.546532426367486857e-23
1.972656250000000000e-01 -8.135001671578379881e-23
1.982421875000000000e-01 -1.789907191291028526e-22
1.992187500000000000e-01 -5.799004977295173934e-23
2.001953125000000000e-01 -2.488886372582380623e-23
2.011718750000000000e-01 -4.182147775746821901e-22
2.021484375000000000e-01 1.730846151267821398e-22
2.031250000000000000e-01 -3.163306914409594151e-22
2.041015625000000000e-01 3.177530120570596635e-23
2.050781250000000000e-01 6.385223697378701955e-23
2.060546875000000000e-01 -3.791105197938416016e-22
2.070312500000000000e-01 3.469813985981717193e-22
2.080078125000000000e-01 -1.075177338501955502e-22
2.089843750000000000e-01 -2.805196868285018644e-23
2.099609375000000000e-01 -8.750630736285298943e-23
2.109375000000000000e-01 -1.240444441365975580e-22
2.119140625000000000e-01 -4.305748985700038141e-23
2.128906250000000000e-01 6.336062664589929956e-23
2.138671875000000000e-01 -1.590117987909213913e-22
2.148437500000000000e-01 1.081105945490010469e-22
2.158203125000000000e-01 -2.567024440558751187e-22
2.167968750000000000e-01 -2.398288635723509425e-22
2.177734375000000000e-01 1.632771605616809148e-22
2.187500000000000000e-01 2.289419629750998628e-23
2.197265625000000000e-01 3.722134026287890361e-22
2.207031250000000000e-01 3.896443081038819437e-22
2.216796875000000000e-01 -6.703010319667367000e-24
2.226562500000000000e-01 4.288910815051880602e-22
2.236328125000000000e-01 -1.042663491760400438e-22
2.246093750000000000e-01 -3.840788868110296968e-23
2.255859375000000000e-01 -2.607618007971988177e-22
2.265625000000000000e-01 -2.835892491285342263e-22
2.275390625000000000e-01 -4.701213033063043569e-23
2.285156250000000000e-01 -2.160163110100568140e-22
2.294921875000000000e-01 3.896970091912793951e-22
2.304687500000000000e-01 3.502781835715063643e-22
2.314453125000000000e-01 -5.237977755738279468e-23
2.324218750000000000e-01 5.605409430903553937e-24
2.333984375000000000e-01 1.458757456933689444e-22
2.343750000000000000e-01 -4.492459218269438947e-23
2.353515625000000000e-01 8.103287109515807294e-23
2.363281250000000000e-01 2.366961510386510547e-22
2.373046875000000000e-01 3.023788970356904218e-23
2.382812500000000000e-01 -4.865770137061963200e-24
2.392578125000000000e-01 -3.278109684067352184e-23
2.402343750000000000e-01 -4.110771006319158560e-22
2.412109375000000000e-01 -1.142371248897121097e-22
2.421875000000000000e-01 -1.593638527862625778e-22
2.431640625000000000e-01 5.116324866143924834e-23
2.441406250000000000e-01 2.619644470085156064e-22
2.451171875000000000e-01 2.650941312227949717e-22
2.460937500000000000e-01 1.444880112889397533e-22
2.470703125000000000e-01 -3.567532349327421333e-22
2.480468750000000000e-01 -9.626098706661286844e-23
2.490234375000000000e-01 -2.678031056732859185e-22
2.500000000000000000e-01 1.181186760512596176e-22
2.509765625000000000e-01 -6.229062291404339608e-23
2.519531250000000000e-01 8.431363974577329159e-23
2.529296875000000000e-01 8.425929278338044814e-23
2.539062500000000000e-01 9.172110209646805256e-25
2.548828125000000000e-01 4.500111207839482634e-23
2.558593750000000000e-01 -2.854468352094881407e-23
2.568359375000000000e-01 -1.486075538037258732e-22
2.578125000000000000e-01 4.464218982091860235e-23
2.587890625000000000e-01 -3.806142786214979799e-23
2.597656250000000000e-01 1.503560159550275188e-22
2.607421875000000000e-01 3.502959052690446711e-23
2.617187500000000000e-01 3.870322054487810732e-23
2.626953125000000000e-01 1.744010773407676959e-23
2.636718750000000000e-01 -6.667413116359723470e-23
2.646484375000000000e-01 -1.487162519949697875e-22
2.656250000000000000e-01 -1.871156058481156131e-22
2.666015625000000000e-01 2.986953927975835337e-23
2.675781250000000000e-01 -1.563858554203590632e-22
2.685546875000000000e-01 -3.476318138376955199e-23
2.695312500000000000e-01 -1.123556323588956842e-22
2.705078125000000000e-01 -2.206691701087791118e-22
2.714843750000000000e-01 2.583451090285516242e-22
2.724609375000000000e-01 6.023834884630831435e-22
2.734375000000000000e-01 3.240993569078295295e-23
2.744140625000000000e-01 -4.219881911216871099e-23
2.753906250000000000e-01 1.037287991188499469e-22
2.763671875000000000e-01 1.781560458619230973e-22
2.773437500000000000e-01 -1.983659387169671472e-22
2.783203125000000000e-01 -7.864588914343182771e-23
2.792968750000000000e-01 -4.906865780530979874e-25
2.802734375000000000e-01 1.285256928549363910e-22
2.812500000000000000e-01 -6.784702580720565550e-23
2.822265625000000000e-01 -2.826199557489445110e-22
2.832031250000000000e-01 -2.991945805162686648e-24
2.841796875000000000e-01 -1.784038354066035322e-22
2.851562500000000000e-01 -1.260722125512036974e-23
2.861328125000000000e-01 1.587933676738642871e-22
2.871093750000000000e-01 2.126739263043321883e-22
2.880859375000000000e-01 -3.316024476236251143e-23
2.890625000000000000e-01 -3.553854574487978695e-23
2.900390625000000000e-01 4.497149793239811726e-22
2.910156250000000000e-01 -1.143837714366734399e-22
2.919921875000000000e-01 -2.303768882147107868e-22
2.929687500000000000e-01 -2.693891267978503931e-22
2.939453125000000000e-01 -1.374177017947823275e-22
2.949218750000000000e-01 3.349296022331451132e-22
2.958984375000000000e-01 3.825559857830299154e-22
2.968750000000000000e-01 -4.949773556412646627e-22
2.978515625000000000e-01 -7.921483677411167976e-23
2.988281250000000000e-01 -2.434340515444725297e-22
2.998046875000000000e-01 1.864926912740492096e-22
3.007812500000000000e-01 6.402182406859296292e-24
3.017578125000000000e-01 3.635619428039886587e-22
3.027343750000000000e-01 1.377308367101785312e-22
3.037109375000000000e-01 3.136774289753010314e-22
3.046875000000000000e-01 -1.166153820054177279e-22
3.056640625000000000e-01 1.312092113971976040e-22
3.066406250000000000e-01 -2.179394095179681896e-22
3.076171875000000000e-01 -1.781298275967282956e-22
3.085937500000000000e-01 1.218223613362458804e-22
3.095703125000000000e-01 3.384289546903982632e-22
3.105468750000000000e-01 5.328616332681518801e-22
3.115234375000000000e-01 2.998288543268222003e-22
3.125000000000000000e-01 4.035256965778476368e-22
3.134765625000000000e-01 1.901038831232385812e-22
3.144531250000000000e-01 1.893182816781961971e-23
3.154296875000000000e-01 2.740688761315790967e-22
3.164062500000000000e-01 -1.884430535352182423e-22
3.173828125000000000e-01 -1.026938365142056524e-22
3.183593750000000000e-01 1.776931789108820433e-22
3.193359375000000000e-01 7.547009396644492482e-23
3.203125000000000000e-01 1.699471031619873712e-22
3.212890625000000000e-01 -1.572051817281426493e-22
3.222656250000000000e-01 -3.752206360241148788e-23
3.232421875000000000e-01 -2.649577324381477499e-22
3.242187500000000000e-01 5.893341262984424390e-23
3.251953125000000000e-01 3.124249283015956301e-22
3.261718750000000000e-01 -4.384490341776093098e-23
3.271484375000000000e-01 9.462504152891991955e-23
3.281250000000000000e-01 2.040796622709891156e-23
3.291015625000000000e-01 1.101163864378789240e-22
3.300781250000000000e-01 -1.573334161273537798e-22
3.310546875000000000e-01 -1.080727745003073862e-22
3.320312500000000000e-01 -1.999272316632615704e-23
3.330078125000000000e-01 2.025818980295511937e-22
3.339843750000000000e-01 1.389580003753532637e-22
3.349609375000000000e-01 -3.092028980171678429e-22
3.359375000000000000e-01 1.597746631739548655e-22
3.369140625000000000e-01 3.306308344865860822e-23
3.378906250000000000e-01 -5.370677017497808746e-23
3.388671875000000000e-01 3.307082704393925413e-22
3.398437500000000000e-01 -2.033265130707870342e-22
3.408203125000000000e-01 -6.434192350671752362e-22
3.417968750000000000e-01 -1.480047464188006270e-22
3.427734375000000000e-01 -2.521494798443174498e-22
3.437500000000000000e-01 1.711181693826030821e-23
3.447265625000000000e-01 -4.793444604458001010e-22
3.457031250000000000e-01 -2.884394157433423502e-22
3.466796875000000000e-01 3.036889393044546742e-22
3.476562500000000000e-01 2.220169179639120786e-22
3.486328125000000000e-01 2.961609243684574985e-22
3.496093750000000000e-01 -2.304499006908843186e-22
3.505859375000000000e-01 1.896540051367014061e-22
3.515625000000000000e-01 3.769538808141022042e-22
3.525390625000000000e-01 3.544142189784329692e-22
3.535156250000000000e-01 -7.345328074714240259e-23
3.544921875000000000e-01 2.060984248840166618e-22
3.554687500000000000e-01 1.364207454885960216e-22
3.564453125000000000e-01 1.170085885138369418e-22
3.574218750000000000e-01 1.928014055419438627e-23
3.583984375000000000e-01 -8.401189243152109995e-23
3.593750000000000000e-01 1.606535018748893348e-22
3.603515625000000000e-01 1.370467397336055495e-22
3.613281250000000000e-01 -4.163115949416182190e-23
3.623046875000000000e-01 2.328224545105659412e-22
3.632812500000000000e-01 -4.287900803097093850e-24
3.642578125000000000e-01 -1.473508660254363221e-22
3.652343750000000000e-01 3.601426594982184076e-22
3.662109375000000000e-01 -2.132296203888466940e-22
3.671875000000000000e-01 1.415962719917462512e-24
3.681640625000000000e-01 1.841248728817528749e-22
3.691406250000000000e-01 -3.987937273108946396e-22
3.701171875000000000e-01 7.484621696308990620e-23
3.710937500000000000e-01 1.576715304674670770e-22
3.720703125000000000e-01 -1.954064386218689883e-22
3.730468750000000000e-01 -4.130610201913102566e-22
3.740234375000000000e-01 9.759021106314472074e-24
3.750000000000000000e-01 -2.695898966445224929e-22
3.759765625000000000e-01 -6.182722137754624447e-22
3.769531250000000000e-01 1.740078421687061774e-22
3.779296875000000000e-01 -2.464092438944765817e-22
3.789062500000000000e-01 -5.738187832035407074e-23
3.798828125000000000e-01 -4.126355824794258916e-22
3.808593750000000000e-01 -9.463629777759128822e-23
3.818359375000000000e-01 -2.693798754540681412e-23
3.828125000000000000e-01 1.326465354765911303e-22
3.837890625000000000e-01 5.620754856475123542e-23
3.847656250000000000e-01 2.134661557283901762e-22
3.857421875000000000e-01 -5.199021828557664213e-22
3.867187500000000000e-01 -2.470207951727588154e-23
3.876953125000000000e-01 1.696588175194185563e-22
3.886718750000000000e-01 -4.032474520658596546e-22
3.896484375000000000e-01 2.819640231498051526e-22
3.906250000000000000e-01 3.747809077925496458e-22
3.916015625000000000e-01 -6.845655001705755747e-23
3.925781250000000000e-01 -6.806766764048535724e-23
3.935546875000000000e-01 -1.975185599149990656e-22
3.945312500000000000e-01 -1.283967391980136411e-22
3.955078125000000000e-01 2.249705321031887731e-22
3.964843750000000000e-01 2.734910099353705609e-22
3.974609375000000000e-01 -4.675895149035079138e-22
3.984375000000000000e-01 -2.911384684015098045e-22
3.994140625000000000e-01 2.701365199863807000e-22
4.003906250000000000e-01 -2.864072537217529510e-22
4.013671875000000000e-01 -3.662515257735739695e-22
4.023437500000000000e-01 -1.082660123022232218e-22
4.033203125000000000e-01 -1.239269617455070072e-22
4.042968750000000000e-01 8.010770648128780168e-23
4.052734375000000000e-01 -1.388741356588029686e-22
4.062500000000000000e-01 -2.966048177218377014e-22
4.072265625000000000e-01 -1.003545136892147634e-23
4.082031250000000000e-01 4.718533851889338881e-22
4.091796875000000000e-01 2.232288936887813389e-22
4.101562500000000000e-01 -1.222681212554926055e-23
4.111328125000000000e-01 -2.551043664609087875e-22
4.121093750000000000e-01 1.570448191028936057e-22
4.130859375000000000e-01 1.438399404447052254e-23
4.140625000000000000e-01 -6.977855011710755906e-23
4.150390625000000000e-01 3.108983006987588321e-22
4.160156250000000000e-01 -1.307994427667434114e-22
4.169921875000000000e-01 1.423498779881603917e-22
4.179687500000000000e-01 -3.256162074847740132e-23
4.189453125000000000e-01 1.480681979574738389e-22
4.199218750000000000e-01 3.175925468004407844e-22
4.208984375000000000e-01 3.279772767471484394e-22
4.218750000000000000e-01 -2.616730161845466731e-23
4.228515625000000000e-01 5.095888681755525667e-23
4.238281250000000000e-01 -8.165854480762196539e-23
4.248046875000000000e-01 -2.432425736314282415e-22
4.257812500000000000e-01 -3.722190223579199208e-22
4.267578125000000000e-01 -4.523120735545710117e-22
4.277343750000000000e-01 -2.364544455307424254e-22
4.287109375000000000e-01 -3.822770103011943249e-23
4.296875000000000000e-01 1.787602450067630676e-22
4.306640625000000000e-01 -2.080635517797369503e-22
4.316406250000000000e-01 -2.491772149069794542e-22
4.326171875000000000e-01 4.027328258378830897e-23
4.335937500000000000e-01 -3.068166489218727801e-22
4.345703125000000000e-01 2.940153259084080117e-23
4.355468750000000000e-01 3.507645634790356838e-22
4.365234375000000000e-01 1.132142383443609102e-22
4.375000000000000000e-01 -3.347781623933817644e-22
4.384765625000000000e-01 -3.023688495152773104e-23
4.394531250000000000e-01 1.686741928700949728e-23
4.404296875000000000e-01 1.675255255059745645e-22
4.414062500000000000e-01 -4.857595691180387784e-23
4.423828125000000000e-01 3.557244814562170601e-22
4.433593750000000000e-01 2.800028485026699707e-22
4.443359375000000000e-01 5.117913138219471703e-22
4.453125000000000000e-01 3.795387470299704025e-22
4.462890625000000000e-01 -1.219462403511264430e-22
4.472656250000000000e-01 1.128514560460405917e-22
4.482421875000000000e-01 2.648276810801309707e-23
4.492187500000000000e-01 1.072970558131787948e-22
4.501953125000000000e-01 2.389404026153354792e-22
4.511718750000000000e-01 2.352974566581527584e-22
4.521484375000000000e-01 6.829244688102593863e-23
4.531250000000000000e-01 -4.404480749252503629e-22
4.541015625000000000e-01 -1.318476583907387198e-22
4.550781250000000000e-01 -1.030973049729800879e-22
4.560546875000000000e-01 1.242476563271878811e-22
4.570312500000000000e-01 -8.894174395618537278e-23
4.580078125000000000e-01 1.954771655072637398e-22
4.589843750000000000e-01 5.096272769646277780e-23
4.599609375000000000e-01 5.829640405331205210e-23
4.609375000000000000e-01 3.584896990088411206e-22
4.619140625000000000e-01 -1.407678910382903671e-22
4.628906250000000000e-01 -1.254581074321456061e-22
4.638671875000000000e-01 -1.498025820177653763e-22
4.648437500000000000e-01 5.812620389362973660e-23
4.658203125000000000e-01 -2.227327903889522334e-23
4.667968750000000000e-01 -1.162905868659799245e-22
4.677734375000000000e-01 5.922346336810401349e-23
4.687500000000000000e-01 -1.570038217607931104e-22
4.697265625000000000e-01 2.562266819904881500e-22
4.707031250000000000e-01 4.087668470672575726e-22
4.716796875000000000e-01 -1.937006727286436467e-22
4.726562500000000000e-01 2.976207385433435430e-22
4.736328125000000000e-01 -3.194399424978262617e-24
4.746093750000000000e-01 6.028407309960771328e-23
4.755859375000000000e-01 4.319472534452764212e-22
4.765625000000000000e-01 -3.750589469468270410e-22
4.775390625000000000e-01 8.529386326982355770e-23
4.785156250000000000e-01 5.939879620243460954e-23
4.794921875000000000e-01 -9.986558192391237937e-23
4.804687500000000000e-01 -7.922035558808274964e-23
4.814453125000000000e-01 -7.402202976502311508e-23
4.824218750000000000e-01 1.404341612239752069e-22
4.833984375000000000e-01 -2.028061115000940463e-22
4.843750000000000000e-01 -3.061543777760655683e-22
4.853515625000000000e-01 -1.298511785560819074e-22
4.863281250000000000e-01 1.460294799669162377e-22
4.873046875000000000e-01 3.946971741593215292e-23
4.882812500000000000e-01 3.926643626310988952e-22
4.892578125000000000e-01 -1.962272268093041978e-22
4.902343750000000000e-01 2.136243390608681422e-23
4.912109375000000000e-01 5.576673809276575298e-23
4.921875000000000000e-01 1.757672439932533924e-22
4.931640625000000000e-01 -3.344249889314158482e-22
4.941406250000000000e-01 -1.307276658883352664e-22
4.951171875000000000e-01 -1.530516876483560301e-22
4.960937500000000000e-01 4.630766619574862439e-23
4.970703125000000000e-01 3.608084421187280792e-22
4.980468750000000000e-01 2.915639046553987627e-22
4.990234375000000000e-01 3.369264147570889797e-22
5.000000000000000000e-01 1.175507632498887607e-22
5.009765625000000000e-01 -6.682637548461892510e-23
5.019531250000000000e-01 2.395189842021998246e-22
5.029296875000000000e-01 1.943587815434236000e-22
5.039062500000000000e-01 2.757069345934245070e-23
5.048828125000000000e-01 -1.158009497392947693e-22
5.058593750000000000e-01 -4.731107027636872031e-22
5.068359375000000000e-01 -2.071380387678810863e-22
5.078125000000000000e-01 2.149619453857014627e-22
5.087890625000000000e-01 1.338824510888258171e-22
5.097656250000000000e-01 1.246124530947526059e-23
5.107421875000000000e-01 -2.913539214533605519e-23
5.117187500000000000e-01 3.410872719438551567e-23
5.126953125000000000e-01 5.987091482676545071e-23
5.136718750000000000e-01 3.201806616639569546e-22
5.146484375000000000e-01 -1.033986451229692656e-22
5.156250000000000000e-01 -1.421540210366409592e-22
5.166015625000000000e-01 1.062665407510985487e-22
5.175781250000000000e-01 1.239096690464509694e-22
5.185546875000000000e-01 -6.925676171902683984e-23
5.195312500000000000e-01 -8.071292378769399995e-23
5.205078125000000000e-01 -1.705391540474259354e-22
5.214843750000000000e-01 -2.774092905870185532e-22
5.224609375000000000e-01 -2.071332850826290972e-22
5.234375000000000000e-01 2.615318725718977725e-22
5.244140625000000000e-01 -8.650370161920596834e-23
5.253906250000000000e-01 3.167108935771965460e-22
5.263671875000000000e-01 -1.601135773449433230e-22
5.273437500000000000e-01 2.056186401158425162e-22
5.283203125000000000e-01 1.843007227133837656e-22
5.292968750000000000e-01 -1.537978513542309245e-22
5.302734375000000000e-01 -6.223023356265764392e-23
5.312500000000000000e-01 1.462763675399338526e-22
5.322265625000000000e-01 7.597107367534208382e-23
5.332031250000000000e-01 9.551768434161131508e-23
5.341796875000000000e-01 -4.937247450625188727e-22
5.351562500000000000e-01 -8.293981867188736672e-24
5.361328125000000000e-01 -1.847159720503434037e-22
5.371093750000000000e-01 -2.002470459676811145e-22
5.380859375000000000e-01 3.202383337810215559e-23
5.390625000000000000e-01 -1.938428506170219558e-22
5.400390625000000000e-01 4.841125263062973586e-22
5.410156250000000000e-01 1.796802814941043805e-22
5.419921875000000000e-01 6.141337479609067071e-23
5.429687500000000000e-01 -7.010674754401021074e-23
5.439453125000000000e-01 -2.204610170868332380e-22
5.449218750000000000e-01 -1.060430586589251719e-22
5.458984375000000000e-01 -2.203067298250751282e-22
5.468750000000000000e-01 2.081219569500050460e-22
5.478515625000000000e-01 -4.530174228629195280e-23
5.488281250000000000e-01 -3.579221392889958894e-22
5.498046875000000000e-01 -9.898513409110991871e-24
5.507812500000000000e-01 3.675902206967136786e-22
5.517578125000000000e-01 -3.620872981510975153e-22
5.527343750000000000e-01 9.247026350324828062e-23
5.537109375000000000e-01 -1.778774825200842543e-22
5.546875000000000000e-01 2.915973894665988193e-22
5.556640625000000000e-01 2.094382854880279138e-22
5.566406250000000000e-01 5.015113815437232468e-23
5.576171875000000000e-01 -6.051246970715640060e-23
5.585937500000000000e-01 -1.801918581630863205e-22
5.595703125000000000e-01 1.520879160855819965e-22
5.605468750000000000e-01 -1.514704383086675472e-22
5.615234375000000000e-01 2.723585504277877481e-22
5.625000000000000000e-01 3.278407614932686604e-22
5.634765625000000000e-01 5.598538909333193772e-22
5.644531250000000000e-01 9.487680490107751595e-23
5.654296875000000000e-01 9.398780967942260919e-23
5.664062500000000000e-01 4.505145316207003200e-23
5.673828125000000000e-01 2.967028984586324188e-22
5.683593750000000000e-01 -2.231851128048962641e-22
5.693359375000000000e-01 -2.428990028582925908e-23
5.703125000000000000e-01 -2.001452580919022455e-22
5.712890625000000000e-01 -1.991499428422693336e-22
5.722656250000000000e-01 1.809122341159965871e-22
5.732421875000000000e-01 1.104518667023447333e-22
5.742187500000000000e-01 2.916465173892049416e-22
5.751953125000000000e-01 -2.722965881892609106e-22
5.761718750000000000e-01 8.648740492628564302e-23
5.771484375000000000e-01 -1.788061424251887150e-22
5.781250000000000000e-01 -1.476327797428373549e-22
5.791015625000000000e-01 3.616682812101499753e-22
5.800781250000000000e-01 1.027201779519560210e-22
5.810546875000000000e-01 2.159593632770028518e-22
5.820312500000000000e-01 -3.411544539603605006e-23
5.830078125000000000e-01 9.637047547978198021e-24
5.839843750000000000e-01 7.595583875056328535e-23
5.849609375000000000e-01 -2.522738649923949759e-22
5.859375000000000000e-01 3.967939169427568980e-22
5.869140625000000000e-01 -3.085730873660429852e-22
5.878906250000000000e-01 -1.810806263528569394e-22
5.888671875000000000e-01 2.067953235361648816e-22
5.898437500000000000e-01 3.160858284735160999e-22
5.908203125000000000e-01 -6.097493980785759737e-23
5.917968750000000000e-01 -7.151169070517616373e-23
5.927734375000000000e-01 -9.690835490217914066e-23
5.937500000000000000e-01 -3.484242890834806485e-22
5.947265625000000000e-01 -6.415056971810118686e-23
5.957031250000000000e-01 -2.692892802186210497e-22
5.966796875000000000e-01 -1.231402904872790795e-22
5.976562500000000000e-01 -2.460003178359811371e-22
5.986328125000000000e-01 7.361181472973447131e-23
5.996093750000000000e-01 -4.964209721403231124e-23
6.005859375000000000e-01 2.887568809515024288e-22
6.015625000000000000e-01 -4.392615134958906942e-23
6.025390625000000000e-01 1.793287783472127334e-22
6.035156250000000000e-01 -1.165355536931923362e-22
6.044921875000000000e-01 1.642899165374373843e-22
6.054687500000000000e-01 -6.287974375838746989e-22
6.064453125000000000e-01 8.164412185023233285e-23
6.074218750000000000e-01 -2.502460573041113758e-23
6.083984375000000000e-01 -1.281726018104576863e-22
6.093750000000000000e-01 -1.280425112321373316e-23
6.103515625000000000e-01 -1.626409053890249208e-22
6.113281250000000000e-01 9.933461852623338421e-24
6.123046875000000000e-01 1.556285064278736866e-22
6.132812500000000000e-01 -2.637061930140827333e-22
6.142578125000000000e-01 6.027688608294962058e-22
6.152343750000000000e-01 -8.677546000976456474e-23
6.162109375000000000e-01 -4.983610939861024119e-22
6.171875000000000000e-01 2.113258530396163920e-22
6.181640625000000000e-01 2.348773066335061692e-23
6.191406250000000000e-01 -5.365504604954813654e-22
6.201171875000000000e-01 -2.667652262222637375e-22
6.210937500000000000e-01 4.492337266904601868e-23
6.220703125000000000e-01 6.727199246070968787e-23
6.230468750000000000e-01 2.696578085835375204e-22
6.240234375000000000e-01 -8.710199149638692058e-23
6.250000000000000000e-01 8.443650753117118180e-23
6.259765625000000000e-01 -2.056566457957640174e-22
6.269531250000000000e-01 1.466291902419262797e-22
6.279296875000000000e-01 -6.335147527964158360e-23
6.289062500000000000e-01 -2.189990646808975634e-22
6.298828125000000000e-01 6.069079227812092682e-23
6.308593750000000000e-01 3.247971036033111821e-24
6.318359375000000000e-01 -1.499317816632942283e-22
6.328125000000000000e-01 4.860256636652314804e-22
6.337890625000000000e-01 -1.248609849554959670e-22
6.347656250000000000e-01 2.583715890868282541e-22
6.357421875000000000e-01 5.579475491628245038e-23
6.367187500000000000e-01 -3.372683071706760245e-23
6.376953125000000000e-01 2.167855469029374609e-23
6.386718750000000000e-01 -4.776423397189358369e-22
6.396484375000000000e-01 -3.252404490908077810e-23
6.406250000000000000e-01 1.807619917564641391e-22
6.416015625000000000e-01 -8.043542823945343177e-23
6.425781250000000000e-01 1.341408009668666077e-22
6.435546875000000000e-01 1.859867763642366820e-22
6.445312500000000000e-01 -6.271264861053118970e-23
6.455078125000000000e-01 5.524028213848824434e-23
6.464843750000000000e-01 -2.101136504298165413e-22
6.474609375000000000e-01 -9.591301153050692769e-23
6.484375000000000000e-01 -1.160878956366359806e-22
6.494140625000000000e-01 -5.075543306682260890e-22
6.503906250000000000e-01 -3.701237045737781317e-23
6.513671875000000000e-01 2.643831334086920371e-22
6.523437500000000000e-01 5.132672573033628217e-23
6.533203125000000000e-01 -6.248374315010589056e-23
6.542968750000000000e-01 -3.123005537312339244e-25
6.552734375000000000e-01 1.511777781995449545e-22
6.562500000000000000e-01 -3.195333967749508493e-23
6.572265625000000000e-01 -3.071097550276455233e-23
6.582031250000000000e-01 2.062250245870037319e-22
6.591796875000000000e-01 -6.473513935556163445e-23
6.601562500000000000e-01 2.208901025791015463e-22
6.611328125000000000e-01 -9.660497205456648751e-23
6.621093750000000000e-01 -2.322128969808963520e-22
6.630859375000000000e-01 -1.393801511848951283e-22
6.640625000000000000e-01 -1.309752493628924606e-22
6.650390625000000000e-01 1.784899108850733209e-22
6.660156250000000000e-01 3.540436996819313265e-23
6.669921875000000000e-01 2.881924574272813451e-22
6.679687500000000000e-01 -7.211072307339660820e-22
6.689453125000000000e-01 -1.598157104490459467e-22
6.699218750000000000e-01 3.711917365162556926e-22
6.708984375000000000e-01 2.046607794870921293e-23
6.718750000000000000e-01 2.200668435012443850e-22
6.728515625000000000e-01 1.265369558569361608e-22
6.738281250000000000e-01 -2.733636624753618902e-22
6.748046875000000000e-01 3.065328291827215968e-22
6.757812500000000000e-01 -3.395005341147385926e-22
6.767578125000000000e-01 -1.002750428587192793e-22
6.777343750000000000e-01 8.463679918052177940e-23
6.787109375000000000e-01 -1.978707584661032236e-22
6.796875000000000000e-01 2.846399187452116593e-22
6.806640625000000000e-01 -1.654040804205664549e-22
6.816406250000000000e-01 -4.946962668080051499e-23
6.826171875000000000e-01 4.715407969364680008e-23
6.835937500000000000e-01 3.455923929595815278e-22
6.845703125000000000e-01 1.679536576637940521e-22
6.855468750000000000e-01 -3.362337048280222447e-22
6.865234375000000000e-01 -1.125336410623497120e-22
6.875000000000000000e-01 -1.461586828231268594e-22
6.884765625000000000e-01 6.596907668899438850e-22
6.894531250000000000e-01 -1.532415682356999528e-22
6.904296875000000000e-01 4.824993238540507094e-24
6.914062500000000000e-01 -2.707743454901689332e-22
6.923828125000000000e-01 -4.163170909005946021e-22
6.933593750000000000e-01 2.830189002143873918e-23
6.943359375000000000e-01 -2.829553934147610069e-23
6.953125000000000000e-01 1.773642657242825732e-22
6.962890625000000000e-01 -7.482130247436311955e-23
6.972656250000000000e-01 2.653179831319231872e-22
6.982421875000000000e-01 2.993219651878262810e-22
6.992187500000000000e-01 -1.794597636230402872e-22
7.001953125000000000e-01 1.490541180569501787e-22
7.011718750000000000e-01 2.004968931700981392e-22
7.021484375000000000e-01 -4.290825880696186668e-22
7.031250000000000000e-01 -6.558690694770405673e-24
7.041015625000000000e-01 3.874674000965986463e-22
7.050781250000000000e-01 -1.629779832001881243e-22
7.060546875000000000e-01 5.013591901514962364e-24
7.070312500000000000e-01 -4.011057304267545411e-22
7.080078125000000000e-01 -2.040734827371007065e-22
7.089843750000000000e-01 4.608956384585275245e-23
7.099609375000000000e-01 2.919719958615329916e-22
7.109375000000000000e-01 1.583019262407615541e-23
7.119140625000000000e-01 -6.206952438957483792e-23
7.128906250000000000e-01 -1.247792522653244016e-23
7.138671875000000000e-01 -3.174382259160200149e-23
7.148437500000000000e-01 -4.958095921054278436e-22
7.158203125000000000e-01 1.221023796116639618e-22
7.167968750000000000e-01 -3.756083187343019593e-22
7.177734375000000000e-01 1.285653531754863289e-23
7.187500000000000000e-01 -1.494223673175902469e-22
7.197265625000000000e-01 -2.912005283909956851e-22
7.207031250000000000e-01 -2.757138617089632080e-22
7.216796875000000000e-01 -4.043892238599404870e-22
7.226562500000000000e-01 9.577676027353700003e-24
7.236328125000000000e-01 -1.235966841642350741e-22
7.246093750000000000e-01 2.075235295104741560e-22
7.255859375000000000e-01 -2.318204253566797101e-22
7.265625000000000000e-01 -3.534964874063871533e-22
7.275390625000000000e-01 -4.832881286642126891e-23
7.285156250000000000e-01 -3.183134416666145202e-22
7.294921875000000000e-01 5.414463824730180713e-23
7.304687500000000000e-01 -1.769175568225690339e-22
7.314453125000000000e-01 -1.385963835250971645e-22
7.324218750000000000e-01 1.613728396892712594e-22
7.333984375000000000e-01 2.857698298931499141e-22
7.343750000000000000e-01 6.738204312938519986e-22
7.353515625000000000e-01 3.142151079831786677e-22
7.363281250000000000e-01 4.498094130292565625e-22
7.373046875000000000e-01 -1.017105233499148496e-22
7.382812500000000000e-01 -2.755733546181683074e-22
7.392578125000000000e-01 -1.013985662162804059e-22
7.402343750000000000e-01 -1.495625559245430942e-22
7.412109375000000000e-01 -1.411994661298600369e-22
7.421875000000000000e-01 1.860798726435084914e-22
7.431640625000000000e-01 5.896162476872231423e-23
7.441406250000000000e-01 -4.415492702157017609e-22
7.451171875000000000e-01 -1.929564170454045032e-22
7.460937500000000000e-01 -5.398306470298463406e-22
7.470703125000000000e-01 1.103631599463460679e-22
7.480468750000000000e-01 1.158100537066280863e-22
7.490234375000000000e-01 5.552266493718681345e-23
7.500000000000000000e-01 -4.694516054753574853e-23
7.509765625000000000e-01 1.221354270099034739e-22
7.519531250000000000e-01 -1.528278081461016090e-22
7.529296875000000000e-01 3.469620381206701782e-22
7.539062500000000000e-01 9.832430689214314411e-23
7.548828125000000000e-01 3.919385020741072140e-22
7.558593750000000000e-01 -1.295189372562231712e-23
7.568359375000000000e-01 -7.810751654994085625e-23
7.578125000000000000e-01 -1.020528503254149256e-22
7.587890625000000000e-01 8.525910376367486520e-23
7.597656250000000000e-01 -4.701221471037041050e-22
7.607421875000000000e-01 -2.871230703042154139e-22
7.617187500000000000e-01 -1.059489860274022181e-22
7.626953125000000000e-01 -8.108737542544447064e-23
7.636718750000000000e-01 -8.142128578071993945e-23
7.646484375000000000e-01 -2.983871871116220533e-22
7.656250000000000000e-01 5.053772706639890734e-23
7.666015625000000000e-01 -3.121255791758553504e-23
7.675781250000000000e-01 1.541529335836512028e-22
7.685546875000000000e-01 -3.479039706404846493e-22
7.695312500000000000e-01 9.111648410202002984e-23
7.705078125000000000e-01 1.650025263492801120e-22
7.714843750000000000e-01 -5.333862375328990688e-23
7.724609375000000000e-01 9.020829049070774230e-23
7.734375000000000000e-01 7.760370608965506651e-22
7.744140625000000000e-01 -3.726254209821172965e-23
7.753906250000000000e-01 -1.937961992344718388e-23
7.763671875000000000e-01 1.220142593135124948e-22
7.773437500000000000e-01 -6.448095301100945740e-23
7.783203125000000000e-01 3.091989657601869959e-23
7.792968750000000000e-01 -8.400081818030586861e-24
7.802734375000000000e-01 -2.319945156203502807e-22
7.812500000000000000e-01 -2.113847801695569301e-22
7.822265625000000000e-01 5.073459883727068626e-22
7.832031250000000000e-01 -1.680301684099109000e-22
7.841796875000000000e-01 -8.367946192319704546e-23
7.851562500000000000e-01 -8.214175645173664106e-23
7.861328125000000000e-01 3.033392137978887408e-22
7.871093750000000000e-01 1.123030575521306289e-22
7.880859375000000000e-01 2.905037500999874520e-22
7.890625000000000000e-01 1.869720774825272675e-23
7.900390625000000000e-01 -1.530599515667680393e-22
7.910156250000000000e-01 9.752925300964410125e-23
7.919921875000000000e-01 2.167231756573251863e-22
7.929687500000000000e-01 -7.869113203189698575e-23
7.939453125000000000e-01 9.459459989964659678e-23
7.949218750000000000e-01 -1.939612689641735681e-22
7.958984375000000000e-01 -1.182021906255407904e-22
7.968750000000000000e-01 -1.101616147842681796e-22
7.978515625000000000e-01 3.125415584178174000e-22
7.988281250000000000e-01 -1.229561615587121123e-22
7.998046875000000000e-01 -1.707421965039791216e-22
8.007812500000000000e-01 -3.092813409318011063e-22
8.017578125000000000e-01 -8.251008274095951002e-23
8.027343750000000000e-01 -3.757963628951607883e-22
8.037109375000000000e-01 1.871660501985027849e-22
8.046875000000000000e-01 -1.120153238203180819e-22
8.056640625000000000e-01 9.015985871852938229e-23
8.066406250000000000e-01 1.324696542629999938e-22
8.076171875000000000e-01 2.560681774758996653e-22
8.085937500000000000e-01 3.983380064908631332e-22
8.095703125000000000e-01 -3.165591930060322174e-22
8.105468750000000000e-01 -2.481864098572889465e-22
8.115234375000000000e-01 -1.098815087359571145e-22
8.125000000000000000e-01 5.497382206140220848e-23
8.134765625000000000e-01 -1.753992439463731065e-22
8.144531250000000000e-01 1.021271871144677336e-22
8.154296875000000000e-01 -4.410160660500782746e-22
8.164062500000000000e-01 -4.639147798563637690e-22
8.173828125000000000e-01 -1.030816004862225310e-22
8.183593750000000000e-01 -2.363357224969927206e-22
8.193359375000000000e-01 2.798364486110631868e-22
8.203125000000000000e-01 1.012192078275786359e-23
8.212890625000000000e-01 -4.014815581267740884e-22
8.222656250000000000e-01 4.820381424467697211e-22
8.232421875000000000e-01 -8.119065057595689520e-23
8.242187500000000000e-01 -1.528002793730697450e-22
8.251953125000000000e-01 -6.675997269787568517e-23
8.261718750000000000e-01 -5.640264388714383102e-23
8.271484375000000000e-01 1.617170248223138417e-22
8.281250000000000000e-01 -2.210422120654009466e-22
8.291015625000000000e-01 -1.636123107451173239e-22
8.300781250000000000e-01 -2.206146139389413920e-23
8.310546875000000000e-01 7.078282510417277929e-23
8.320312500000000000e-01 3.502422082510621749e-22
8.330078125000000000e-01 -2.326263654725094289e-22
8.339843750000000000e-01 -5.948969222373044818e-23
8.349609375000000000e-01 2.876524544279610381e-22
8.359375000000000000e-01 2.509043384066738507e-22
8.369140625000000000e-01 -3.431359722324885121e-22
8.378906250000000000e-01 4.165034655791173686e-22
8.388671875000000000e-01 -2.015262443027230927e-22
8.398437500000000000e-01 6.399907834737293182e-23
8.408203125000000000e-01 -2.876022489146751342e-23
8.417968750000000000e-01 -2.038204921005118120e-23
8.427734375000000000e-01 -4.015632692236208909e-23
8.437500000000000000e-01 1.542828699066015864e-22
8.447265625000000000e-01 9.224049018567722284e-23
8.457031250000000000e-01 2.656169476181169388e-22
8.466796875000000000e-01 -1.105962880634491192e-23
8.476562500000000000e-01 -2.603863185318915524e-23
8.486328125000000000e-01 4.472320306330253414e-23
8.496093750000000000e-01 1.696114525014325825e-22
8.505859375000000000e-01 7.505366647854560796e-23
8.515625000000000000e-01 7.417252181895394405e-23
8.525390625000000000e-01 2.401524538657922466e-22
8.535156250000000000e-01 1.226910663848047825e-23
8.544921875000000000e-01 -2.172625508169271877e-22
8.554687500000000000e-01 -1.139053921380061616e-22
8.564453125000000000e-01 2.753803205784615906e-22
8.574218750000000000e-01 -3.168363624338206441e-22
8.583984375000000000e-01 4.571444275681735247e-24
8.593750000000000000e-01 -5.228802392350168269e-23
8.603515625000000000e-01 2.465845858189365076e-22
8.613281250000000000e-01 5.947792850429630524e-25
8.623046875000000000e-01 3.508814927777690872e-22
8.632812500000000000e-01 -1.579276143972551827e-22
8.642578125000000000e-01 6.315708764410003411e-22
8.652343750000000000e-01 8.433036747076489106e-23
8.662109375000000000e-01 -9.367737904247995761e-23
8.671875000000000000e-01 1.534648640363245150e-22
8.681640625000000000e-01 5.213555429937756907e-22
8.691406250000000000e-01 1.229285992821276806e-22
8.701171875000000000e-01 1.492674182996639830e-22
8.710937500000000000e-01 1.864278033424054223e-22
8.720703125000000000e-01 1.015029437645278243e-22
8.730468750000000000e-01 2.824266980680071757e-23
8.740234375000000000e-01 -1.832863864371746989e-22
8.750000000000000000e-01 7.751171419922685334e-23
8.759765625000000000e-01 3.010347231670591376e-22
8.769531250000000000e-01 2.112618885431192781e-22
8.779296875000000000e-01 3.877821323946413339e-22
8.789062500000000000e-01 1.606962472942662828e-22
8.798828125000000000e-01 3.406587606346361081e-22
8.808593750000000000e-01 1.209821240826230429e-22
8.818359375000000000e-01 7.945421224147237727e-23
8.828125000000000000e-01 1.319200675669376992e-22
8.837890625000000000e-01 1.652810975304837042e-22
8.847656250000000000e-01 -8.952552311109915788e-24
8.857421875000000000e-01 -7.837932743155083925e-24
8.867187500000000000e-01 -6.009728889948714857e-23
8.876953125000000000e-01 -2.249775314387925053e-22
8.886718750000000000e-01 3.189076093874367978e-22
8.896484375000000000e-01 -7.190089947263232594e-23
8.906250000000000000e-01 -1.700551239629768398e-22
8.916015625000000000e-01 2.131816848071130279e-22
8.925781250000000000e-01 -1.383146597017396247e-22
8.935546875000000000e-01 -1.789764824583133210e-22
8.945312500000000000e-01 2.045713941828651050e-22
8.955078125000000000e-01 -1.388320176833360062e-23
8.964843750000000000e-01 2.448380004610401353e-23
8.974609375000000000e-01 -3.277377095453298963e-22
8.984375000000000000e-01 3.829005323016915785e-22
8.994140625000000000e-01 -2.753563677755851085e-22
9.003906250000000000e-01 -3.440788092644656823e-22
9.013671875000000000e-01 -2.809721941753357952e-22
9.023437500000000000e-01 2.623115501921366211e-23
9.033203125000000000e-01 -6.436473610527807024e-23
9.042968750000000000e-01 3.146432376817259468e-23
9.052734375000000000e-01 1.601411214449054632e-22
9.062500000000000000e-01 1.583402867261261127e-22
9.072265625000000000e-01 1.342836672979378478e-22
9.082031250000000000e-01 5.121126146352734469e-22
9.091796875000000000e-01 -1.596685470536401455e-22
9.101562500000000000e-01 5.305224551614761763e-23
9.111328125000000000e-01 -1.631048437400184170e-23
9.121093750000000000e-01 -1.768740351335347006e-22
9.130859375000000000e-01 -5.833095847673767711e-23
9.140625000000000000e-01 1.199910356364693198e-22
9.150390625000000000e-01 2.592960110166729769e-22
9.160156250000000000e-01 7.027381533967414720e-23
9.169921875000000000e-01 -9.340611286984669060e-23
9.179687500000000000e-01 -4.572420103337267426e-23
9.189453125000000000e-01 5.039354708209112482e-24
9.199218750000000000e-01 -5.762180277116574149e-22
9.208984375000000000e-01 2.084257555655719195e-22
9.218750000000000000e-01 -8.651495320031356527e-23
9.228515625000000000e-01 -2.661584599964022726e-23
9.238281250000000000e-01 -1.728838097515259956e-22
9.248046875000000000e-01 4.505108047239303130e-22
9.257812500000000000e-01 2.641771500210574102e-22
9.267578125000000000e-01 -5.924662045664665559e-23
9.277343750000000000e-01 -1.657068250908753677e-22
9.287109375000000000e-01 6.150971226254930913e-23
9.296875000000000000e-01 4.671102525453061936e-22
9.306640625000000000e-01 2.165869763298331916e-22
9.316406250000000000e-01 9.965021324969312611e-23
9.326171875000000000e-01 2.203215599799327276e-23
9.335937500000000000e-01 3.776125515939700412e-23
9.345703125000000000e-01 -7.046969374339660176e-23
9.355468750000000000e-01 -7.639774811491409237e-23
9.365234375000000000e-01 9.814997602989152804e-23
9.375000000000000000e-01 3.517603663758551293e-23
9.384765625000000000e-01 -1.261548497317977227e-22
9.394531250000000000e-01 -1.043352722270517030e-22
9.404296875000000000e-01 1.271973333352719761e-22
9.414062500000000000e-01 -2.829588463403970420e-22
9.423828125000000000e-01 -1.467885106351095448e-22
9.433593750000000000e-01 3.053514853133044229e-22
9.443359375000000000e-01 4.492814336180341442e-22
9.453125000000000000e-01 -2.896347377811183716e-22
9.462890625000000000e-01 2.573816570529789729e-23
9.472656250000000000e-01 1.116579819676910018e-22
9.482421875000000000e-01 3.635220189705587224e-22
9.492187500000000000e-01 -1.704634003052477249e-23
9.501953125000000000e-01 -3.113451660125456786e-22
9.511718750000000000e-01 2.989673101720119600e-22
9.521484375000000000e-01 -9.062227618922253588e-23
9.531250000000000000e-01 -1.624852178673298431e-23
9.541015625000000000e-01 -1.154311635553139230e-22
9.550781250000000000e-01 4.005001083534443204e-22
9.560546875000000000e-01 2.895974849232596943e-24
9.570312500000000000e-01 -1.215360877970141481e-22
9.580078125000000000e-01 -8.926701149357704771e-23
9.589843750000000000e-01 -1.787083610165179250e-22
9.599609375000000000e-01 -2.181968347626491296e-22
9.609375000000000000e-01 2.085543039490566601e-22
9.619140625000000000e-01 1.660332892954690390e-22
9.628906250000000000e-01 -2.797446217513106215e-22
9.638671875000000000e-01 6.289731787590925802e-22
9.648437500000000000e-01 -1.646175522364973928e-22
9.658203125000000000e-01 -2.922045865266685523e-23
9.667968750000000000e-01 3.024908797363054482e-23
9.677734375000000000e-01 -1.905277530915943021e-23
9.687500000000000000e-01 2.110790256697612313e-23
9.697265625000000000e-01 -2.502573784297087979e-22
9.707031250000000000e-01 2.358128860839880578e-22
9.716796875000000000e-01 3.984473026583338418e-22
9.726562500000000000e-01 -3.046677845174841845e-22
9.736328125000000000e-01 -3.998287967290775282e-22
9.746093750000000000e-01 -4.165809201959716227e-23
9.755859375000000000e-01 -3.334787081333962717e-22
9.765625000000000000e-01 2.816300048657123069e-24
9.775390625000000000e-01 -9.893520145370097606e-24
9.785156250000000000e-01 -2.247737771102310458e-22
9.794921875000000000e-01 2.993796020613552255e-22
9.804687500000000000e-01 1.517222990760302020e-22
9.814453125000000000e-01 2.645484686484259363e-23
9.824218750000000000e-01 -3.900894157628048138e-22
9.833984375000000000e-01 1.526852538521826221e-22
9.843750000000000000e-01 -1.425301328100870631e-22
9.853515625000000000e-01 3.497664543050432505e-22
9.863281250000000000e-01 7.203185209743562442e-23
9.873046875000000000e-01 2.491215570055739417e-23
9.882812500000000000e-01 -7.077391704624245378e-23
9.892578125000000000e-01 3.646630358670621212e-22
9.902343750000000000e-01 9.908291042073462226e-23
9.912109375000000000e-01 -3.170168291387691611e-22
9.921875000000000000e-01 1.011948278867716310e-23
9.931640625000000000e-01 -2.069657693960887951e-22
9.941406250000000000e-01 -3.419108987256149450e-22
9.951171875000000000e-01 -1.686314410846934917e-22
9.960937500000000000e-01 -2.662511396904201745e-22
9.970703125000000000e-01 1.496073109695887589e-22
9.980468750000000000e-01 3.556336222470890142e-22
9.990234375000000000e-01 1.128928663922290263e-23
