# times, data
0.000000000000000000e+00 1.909398766762166963e-23
9.765625000000000000e-04 -2.769892727512358861e-22
1.953125000000000000e-03 4.925473969984507426e-23
2.929687500000000000e-03 -1.461098878241256393e-22
3.906250000000000000e-03 -3.230792409254019948e-22
4.882812500000000000e-03 1.195375907127560377e-22
5.859375000000000000e-03 4.628024260938025358e-23
6.835937500000000000e-03 1.479799109663815379e-22
7.812500000000000000e-03 1.022076066067198434e-22
8.789062500000000000e-03 -1.924959643290339600e-22
9.765625000000000000e-03 5.377220249148205364e-22
1.074218750000000000e-02 4.355689229733020175e-23
1.171875000000000000e-02 -7.407258568343279580e-23
1.269531250000000000e-02 1.712375983546456159e-22
1.367187500000000000e-02 6.407620797328091778e-23
1.464843750000000000e-02 1.151937960335923681e-22
1.562500000000000000e-02 2.782906610686354114e-22
1.660156250000000000e-02 1.705159320314032128e-22
1.757812500000000000e-02 2.504586553390481562e-22
1.855468750000000000e-02 3.333557561481630175e-22
1.953125000000000000e-02 4.312605908419833137e-22
2.050781250000000000e-02 -3.846162522013113418e-22
2.148437500000000000e-02 8.528773914610540988e-23
2.246093750000000000e-02 -8.359378522018408642e-23
2.343750000000000000e-02 9.934871220930043031e-23
2.441406250000000000e-02 2.223447331810978388e-22
2.539062500000000000e-02 8.287821959868344100e-23
2.636718750000000000e-02 3.461004220315997483e-22
2.734375000000000000e-02 -1.197375508972758931e-23
2.832031250000000000e-02 4.179223042969724597e-22
2.929687500000000000e-02 -1.001559303364465246e-22
3.027343750000000000e-02 -3.093865537497436308e-22
3.125000000000000000e-02 -6.051405838090542740e-23
3.222656250000000000e-02 3.581887070057826110e-23
3.320312500000000000e-02 2.771515634234680531e-22
3.417968750000000000e-02 1.848046404463101752e-22
3.515625000000000000e-02 3.399294450053418849e-22
3.613281250000000000e-02 -2.460556113237311962e-23
3.710937500000000000e-02 -2.721751587597515750e-22
3.808593750000000000e-02 1.323001815728516536e-22
3.906250000000000000e-02 2.111423405658086946e-22
4.003906250000000000e-02 1.848888978257691982e-22
4.101562500000000000e-02 -2.648731243154257129e-22
4.199218750000000000e-02 1.979981575967865257e-22
4.296875000000000000e-02 2.165981670574043230e-22
4.394531250000000000e-02 3.021509868750623134e-22
4.492187500000000000e-02 -7.231633770607787260e-23
4.589843750000000000e-02 -2.637609362353321143e-22
4.687500000000000000e-02 -2.332175495979321956e-22
4.785156250000000000e-02 3.075034598756705134e-22
4.882812500000000000e-02 -1.792031734151124153e-22
4.980468750000000000e-02 -4.183969916185583047e-22
5.078125000000000000e-02 1.326970769899052771e-22
5.175781250000000000e-02 -2.179864893937155750e-22
5.273437500000000000e-02 -3.487803646639862816e-23
5.371093750000000000e-02 -1.841012148357521121e-22
5.468750000000000000e-02 2.697963658777825865e-22
5.566406250000000000e-02 -1.364811783907586950e-22
5.664062500000000000e-02 3.594686221970749534e-22
5.761718750000000000e-02 -1.092313573394109897e-23
5.859375000000000000e-02 2.113790827385254070e-25
5.957031250000000000e-02 -5.865579575675273629e-23
6.054687500000000000e-02 -9.683998116372058065e-23
6.152343750000000000e-02 4.714389666865473199e-23
6.250000000000000000e-02 -7.195206523398235570e-23
6.347656250000000000e-02 -1.507704937655459617e-22
6.445312500000000000e-02 1.180584860829822937e-22
6.542968750000000000e-02 -1.652634080420819307e-22
6.640625000000000000e-02 -5.719486208293005579e-23
6.738281250000000000e-02 1.813819581391620222e-22
6.835937500000000000e-02 -5.074904201398219038e-22
6.933593750000000000e-02 2.755856077112001916e-22
7.031250000000000000e-02 -1.805163308092574614e-22
7.128906250000000000e-02 1.694112279696306920e-22
7.226562500000000000e-02 -2.349054661762683786e-22
7.324218750000000000e-02 2.025754244284083410e-22
7.421875000000000000e-02 -9.427673692259758990e-23
7.519531250000000000e-02 -1.997656568086160391e-22
7.617187500000000000e-02 1.146755848040721662e-22
7.714843750000000000e-02 3.529762379196574230e-23
7.812500000000000000e-02 3.374118496593251900e-23
7.910156250000000000e-02 -2.613395751906818151e-22
8.007812500000000000e-02 1.169468434010965403e-22
8.105468750000000000e-02 -4.210015379640836825e-22
8.203125000000000000e-02 -1.229157213048996623e-22
8.300781250000000000e-02 -1.244363752823378563e-22
8.398437500000000000e-02 4.471724630218784802e-23
8.496093750000000000e-02 -1.609721988293548381e-22
8.593750000000000000e-02 2.789517107170507923e-22
8.691406250000000000e-02 -6.246026825819141660e-22
8.789062500000000000e-02 2.356212827728432683e-23
8.886718750000000000e-02 -2.607793109612414005e-22
8.984375000000000000e-02 1.172062396705040006e-22
9.082031250000000000e-02 -1.871330006686243562e-22
9.179687500000000000e-02 -9.891397058844439771e-23
9.277343750000000000e-02 -2.333489452490814200e-22
9.375000000000000000e-02 2.954082256147158169e-23
9.472656250000000000e-02 6.783594949941654308e-23
9.570312500000000000e-02 4.379073684032281502e-22
9.667968750000000000e-02 2.532750497241055649e-22
9.765625000000000000e-02 2.386477189408458045e-22
9.863281250000000000e-02 3.018966707638513125e-22
9.960937500000000000e-02 6.171026795788450774e-23
1.005859375000000000e-01 1.070109292688987099e-22
1.015625000000000000e-01 2.730803362794281932e-22
1.025390625000000000e-01 2.136968863570957063e-23
1.035156250000000000e-01 -1.284826670442907230e-22
1.044921875000000000e-01 -2.264746116991580195e-22
1.054687500000000000e-01 -2.759852882429592391e-23
1.064453125000000000e-01 -2.093454689451615471e-23
1.074218750000000000e-01 2.002671999218123475e-22
1.083984375000000000e-01 1.387651534514128093e-22
1.093750000000000000e-01 -2.546471303162863252e-22
1.103515625000000000e-01 -6.617241157669363613e-23
1.113281250000000000e-01 1.015946954055926757e-22
1.123046875000000000e-01 -2.307779466504871793e-22
1.132812500000000000e-01 1.266325013843664257e-22
1.142578125000000000e-01 2.095658659851015418e-23
1.152343750000000000e-01 3.822131982442163591e-22
1.162109375000000000e-01 -2.234131700401851634e-22
1.171875000000000000e-01 4.336487988127809172e-23
1.181640625000000000e-01 -4.307976356901374529e-22
1.191406250000000000e-01 3.672503602225125987e-22
1.201171875000000000e-01 2.456925260179230757e-22
1.210937500000000000e-01 -2.040660010424351950e-22
1.220703125000000000e-01 4.455345849250550466e-23
1.230468750000000000e-01 1.020366494834252704e-22
1.240234375000000000e-01 2.822351301621081032e-22
1.250000000000000000e-01 7.527504342870745517e-23
1.259765625000000000e-01 -1.851307340821859991e-22
1.269531250000000000e-01 -2.531368469613376472e-22
1.279296875000000000e-01 1.019448853421736639e-22
1.289062500000000000e-01 -1.364604474800239198e-22
1.298828125000000000e-01 -4.746208379005447224e-22
1.308593750000000000e-01 -6.298189932293197471e-23
1.318359375000000000e-01 4.156758794951349029e-22
1.328125000000000000e-01 -1.106819946068144770e-22
1.337890625000000000e-01 9.376178171774112095e-23
1.347656250000000000e-01 1.098159302632602182e-22
1.357421875000000000e-01 -2.450385221769304610e-22
1.367187500000000000e-01 1.028986659445071000e-22
1.376953125000000000e-01 -2.693851562772672625e-22
1.386718750000000000e-01 -1.490924227296874188e-22
1.396484375000000000e-01 -3.827268125316349697e-23
1.406250000000000000e-01 -1.226064067106672351e-22
1.416015625000000000e-01 -2.456814583807677393e-22
1.425781250000000000e-01 1.810623468219067001e-22
1.435546875000000000e-01 1.515720513339371454e-22
1.445312500000000000e-01 -3.039214907459752214e-22
1.455078125000000000e-01 2.725290152361361078e-22
1.464843750000000000e-01 -3.164775741504555459e-22
1.474609375000000000e-01 -1.826208074883070084e-22
1.484375000000000000e-01 -2.405920001875566277e-22
1.494140625000000000e-01 1.366667107744647613e-22
1.503906250000000000e-01 2.499847834935638058e-22
1.513671875000000000e-01 2.343882803184242150e-22
1.523437500000000000e-01 1.878796503767343720e-22
1.533203125000000000e-01 1.086088036336078352e-22
1.542968750000000000e-01 6.460374929304865123e-25
1.552734375000000000e-01 -1.875126283849764584e-23
1.562500000000000000e-01 -2.415558903304070759e-22
1.572265625000000000e-01 -3.712892657936027460e-22
1.582031250000000000e-01 -7.845834845107177000e-23
1.591796875000000000e-01 -8.549575098750299172e-23
1.601562500000000000e-01 -7.266855000653797386e-24
1.611328125000000000e-01 -5.113793519341511378e-23
1.621093750000000000e-01 -3.542332954228256224e-23
1.630859375000000000e-01 -1.342889843394628010e-23
1.640625000000000000e-01 -1.266319169743940389e-22
1.650390625000000000e-01 -3.433614862815332382e-22
1.660156250000000000e-01 -8.928854318358560560e-23
1.669921875000000000e-01 1.295397509850070008e-22
1.679687500000000000e-01 6.026386306192712246e-22
1.689453125000000000e-01 4.104280398360819427e-22
1.699218750000000000e-01 -9.281653465619889098e-23
1.708984375000000000e-01 9.437038905154994400e-23
1.718750000000000000e-01 3.947778818122769962e-23
1.728515625000000000e-01 1.065059845815433122e-22
1.738281250000000000e-01 5.231498152177828839e-22
1.748046875000000000e-01 -4.651469809883615951e-22
1.757812500000000000e-01 3.708588085980923521e-24
1.767578125000000000e-01 -3.251054907757557818e-22
1.777343750000000000e-01 -7.044764198126190541e-23
1.787109375000000000e-01 -2.554113924721774171e-22
1.796875000000000000e-01 2.019641716797633941e-22
1.806640625000000000e-01 -3.597708355971669936e-22
1.816406250000000000e-01 2.163025596488313975e-22
1.826171875000000000e-01 1.768614984996807720e-23
1.835937500000000000e-01 1.904672953836262372e-22
1.845703125000000000e-01 8.497887032674846787e-23
1.855468750000000000e-01 3.982003001227859908e-22
1.865234375000000000e-01 9.385698591582997165e-23
1.875000000000000000e-01 9.002324402305943757e-23
1.884765625000000000e-01 1.004885260652401283e-23
1.894531250000000000e-01 -5.016395385200933221e-22
1.904296875000000000e-01 3.917820083988038310e-23
1.914062500000000000e-01 -6.534525550457281351e-23
1.923828125000000000e-01 -5.139350633566084128e-23
1.933593750000000000e-01 3.608000819228629877e-22
1.943359375000000000e-01 1.585476540751323889e-22
1.953125000000000000e-01 1.444153851669061602e-22
1.962890625000000000e-01 4.950618695300470861e-22
1.972656250000000000e-01 -1.130798553164605062e-22
1.982421875000000000e-01 3.260095735655461507e-22
1.992187500000000000e-01 4.175586768292840475e-23
2.001953125000000000e-01 -1.998514633243789437e-22
2.011718750000000000e-01 1.188205616402944740e-23
2.021484375000000000e-01 -2.465440779846339309e-23
2.031250000000000000e-01 -2.088629298476387058e-22
2.041015625000000000e-01 7.987857100315664185e-23
2.050781250000000000e-01 -1.672404265939120763e-22
2.060546875000000000e-01 -1.630785834575803670e-22
2.070312500000000000e-01 2.651956269187240658e-22
2.080078125000000000e-01 -2.664523594478526152e-22
2.089843750000000000e-01 1.922085677160830396e-22
2.099609375000000000e-01 -2.498379977302033049e-22
2.109375000000000000e-01 -2.516773151622937172e-23
2.119140625000000000e-01 -5.541182585236298446e-22
2.128906250000000000e-01 -2.900400548664849401e-22
2.138671875000000000e-01 -3.625681756635403593e-22
2.148437500000000000e-01 -8.259351515741464857e-23
2.158203125000000000e-01 -2.441453030587802124e-22
2.167968750000000000e-01 4.859033669128901022e-23
2.177734375000000000e-01 9.956978635302062625e-23
2.187500000000000000e-01 -1.533590708837772125e-22
2.197265625000000000e-01 -1.517026104773046012e-22
2.207031250000000000e-01 -5.037214047241146534e-22
2.216796875000000000e-01 1.332151334324706197e-22
2.226562500000000000e-01 3.983300893370144828e-22
2.236328125000000000e-01 -1.341823890584253102e-22
2.246093750000000000e-01 -1.236642654457304596e-22
2.255859375000000000e-01 3.491581558014526104e-22
2.265625000000000000e-01 1.792214318090894959e-22
2.275390625000000000e-01 -2.592461779765037110e-22
2.285156250000000000e-01 -1.363367577659558056e-22
2.294921875000000000e-01 -1.674483474732090001e-22
2.304687500000000000e-01 -1.000112877649108456e-22
2.314453125000000000e-01 -1.464175918501772494e-22
2.324218750000000000e-01 -1.043164819703435775e-23
2.333984375000000000e-01 2.227277828097226112e-22
2.343750000000000000e-01 1.514592911679107142e-22
2.353515625000000000e-01 6.805888747327457088e-23
2.363281250000000000e-01 8.137871758032745333e-23
2.373046875000000000e-01 -3.165754474821006206e-22
2.382812500000000000e-01 -7.371698764120580574e-23
2.392578125000000000e-01 -6.883546252519767336e-23
2.402343750000000000e-01 -1.207256864843958908e-22
2.412109375000000000e-01 -1.122778383335217203e-22
2.421875000000000000e-01 1.481334890510110894e-22
2.431640625000000000e-01 -1.342554190506194984e-22
2.441406250000000000e-01 -4.004204247184614595e-22
2.451171875000000000e-01 -2.132890143662215598e-22
2.460937500000000000e-01 2.649421700444365813e-23
2.470703125000000000e-01 4.434812018543484072e-23
2.480468750000000000e-01 2.164257926822752932e-22
2.490234375000000000e-01 -1.970316127589786927e-22
2.500000000000000000e-01 -5.411897374452867027e-23
2.509765625000000000e-01 -1.562536281259107027e-22
2.519531250000000000e-01 1.902884899724722216e-22
2.529296875000000000e-01 -2.124335193699028444e-22
2.539062500000000000e-01 9.249422487010792287e-23
2.548828125000000000e-01 2.385170512381283058e-22
2.558593750000000000e-01 6.039111831984747716e-23
2.568359375000000000e-01 3.765209916830042273e-22
2.578125000000000000e-01 1.292199028043299701e-22
2.587890625000000000e-01 -1.838592006311118992e-23
2.597656250000000000e-01 -2.595634515844730953e-23
2.607421875000000000e-01 -2.344050394206583810e-23
2.617187500000000000e-01 1.150950755088169512e-22
2.626953125000000000e-01 -9.050238261083317735e-23
2.636718750000000000e-01 1.218505825448036991e-22
2.646484375000000000e-01 1.294129871364548420e-22
2.656250000000000000e-01 2.145203130437925088e-22
2.666015625000000000e-01 1.458922755799432049e-22
2.675781250000000000e-01 4.414468596973606541e-23
2.685546875000000000e-01 1.312602330841784808e-22
2.695312500000000000e-01 -9.157985910209683118e-23
2.705078125000000000e-01 -3.870160867605516994e-22
2.714843750000000000e-01 -2.377662976369152411e-22
2.724609375000000000e-01 4.593446039697701709e-23
2.734375000000000000e-01 -1.296829408061791358e-22
2.744140625000000000e-01 2.316535498877228558e-22
2.753906250000000000e-01 -1.293927155560221988e-22
2.763671875000000000e-01 -2.424333694554545364e-22
2.773437500000000000e-01 -8.066990282526129974e-23
2.783203125000000000e-01 2.508913103319273799e-22
2.792968750000000000e-01 -2.576825609374947695e-23
2.802734375000000000e-01 -2.065629152271142556e-23
2.812500000000000000e-01 2.548539111071077680e-23
2.822265625000000000e-01 -2.850591813847388010e-23
2.832031250000000000e-01 -9.978597828274667188e-23
2.841796875000000000e-01 1.418007905640290153e-23
2.851562500000000000e-01 -2.332472733939255449e-23
2.861328125000000000e-01 -2.042680355461760402e-22
2.871093750000000000e-01 2.937781242104301393e-22
2.880859375000000000e-01 -1.440651781019116231e-22
2.890625000000000000e-01 2.888341276252207272e-22
2.900390625000000000e-01 -1.687741650956591613e-22
2.910156250000000000e-01 2.579373431335961369e-22
2.919921875000000000e-01 -1.033842034085312154e-22
2.929687500000000000e-01 1.421711446877849570e-22
2.939453125000000000e-01 4.165030590876071455e-22
2.949218750000000000e-01 -2.882640107155969549e-23
2.958984375000000000e-01 2.596074206183604735e-22
2.968750000000000000e-01 3.707760646079165347e-22
2.978515625000000000e-01 1.231621319280262659e-22
2.988281250000000000e-01 -1.279361727432310896e-22
2.998046875000000000e-01 1.010893749688571001e-22
3.007812500000000000e-01 -2.752186156447482059e-22
3.017578125000000000e-01 1.849339479606934616e-22
3.027343750000000000e-01 7.527828240255045797e-24
3.037109375000000000e-01 1.087766843583280112e-22
3.046875000000000000e-01 1.130974234877112398e-22
3.056640625000000000e-01 7.287194430744970070e-23
3.066406250000000000e-01 -2.883672385635085140e-22
3.076171875000000000e-01 3.359343037961882469e-23
3.085937500000000000e-01 -4.557624485952938945e-22
3.095703125000000000e-01 4.696166220405697711e-23
3.105468750000000000e-01 4.578767182701234381e-22
3.115234375000000000e-01 1.424383124520289229e-22
3.125000000000000000e-01 2.093073490438701710e-22
3.134765625000000000e-01 2.073554104087179967e-23
3.144531250000000000e-01 -3.818011798404023560e-22
3.154296875000000000e-01 -3.661898532346593571e-22
3.164062500000000000e-01 -2.072264501333844594e-22
3.173828125000000000e-01 -8.534418906028854184e-23
3.183593750000000000e-01 -1.296871027816237731e-22
3.193359375000000000e-01 3.738970831899721854e-22
3.203125000000000000e-01 -9.349353997881037111e-23
3.212890625000000000e-01 -1.413476129254248648e-22
3.222656250000000000e-01 1.655859862769242419e-22
3.232421875000000000e-01 1.389632928887277296e-22
3.242187500000000000e-01 1.959322506385574801e-22
3.251953125000000000e-01 4.368293921759727355e-22
3.261718750000000000e-01 -1.201412652948115676e-23
3.271484375000000000e-01 2.355224036069454375e-22
3.281250000000000000e-01 4.337653510223031308e-22
3.291015625000000000e-01 3.595804200677251446e-22
3.300781250000000000e-01 2.985501388794048230e-22
3.310546875000000000e-01 1.741915535958435480e-22
3.320312500000000000e-01 5.474000720663144170e-23
3.330078125000000000e-01 -2.896656869592024858e-23
3.339843750000000000e-01 5.515854246733332944e-22
3.349609375000000000e-01 -1.461448354184338774e-23
3.359375000000000000e-01 -3.719048705086982380e-22
3.369140625000000000e-01 1.263679912296672121e-22
3.378906250000000000e-01 1.121377564528521554e-22
3.388671875000000000e-01 -2.148484060303847748e-22
3.398437500000000000e-01 -3.154093488643770888e-24
3.408203125000000000e-01 4.477285516788100021e-22
3.417968750000000000e-01 2.464583290755616443e-22
3.427734375000000000e-01 -1.976299077324434509e-22
3.437500000000000000e-01 5.062516915071700927e-23
3.447265625000000000e-01 2.446634023962722715e-22
3.457031250000000000e-01 5.253906890882975525e-22
3.466796875000000000e-01 -3.498614670091826920e-22
3.476562500000000000e-01 -2.967552406613156223e-22
3.486328125000000000e-01 -1.230046478060033727e-22
3.496093750000000000e-01 -1.107044043960320175e-22
3.505859375000000000e-01 -9.050686488103945687e-23
3.515625000000000000e-01 -1.263241907238729670e-22
3.525390625000000000e-01 -6.389065891188076067e-23
3.535156250000000000e-01 3.459853483082379207e-22
3.544921875000000000e-01 2.179963421169581490e-22
3.554687500000000000e-01 4.338954704291036114e-22
3.564453125000000000e-01 1.886025951895456369e-22
3.574218750000000000e-01 -1.811693803776997284e-22
3.583984375000000000e-01 5.556440576243880452e-22
3.593750000000000000e-01 1.859517491675101667e-22
3.603515625000000000e-01 2.328813670304794333e-22
3.613281250000000000e-01 -8.327263414761852296e-23
3.623046875000000000e-01 1.642286721589450186e-22
3.632812500000000000e-01 7.980089286392684934e-23
3.642578125000000000e-01 1.935072631713018899e-22
3.652343750000000000e-01 6.385525986905915393e-23
3.662109375000000000e-01 -2.538662501253764225e-22
3.671875000000000000e-01 -4.092905569899814066e-22
3.681640625000000000e-01 2.452433951237021918e-22
3.691406250000000000e-01 -5.185100738343152619e-23
3.701171875000000000e-01 3.411882685328546476e-22
3.710937500000000000e-01 2.873648405762298046e-22
3.720703125000000000e-01 -5.512809211913974863e-23
3.730468750000000000e-01 -2.770413927127500150e-22
3.740234375000000000e-01 -1.042532969903369041e-22
3.750000000000000000e-01 -1.918424173670369946e-23
3.759765625000000000e-01 -6.853045352226292394e-23
3.769531250000000000e-01 -2.013778215743582388e-22
3.779296875000000000e-01 -1.339959884224058449e-22
3.789062500000000000e-01 -4.454374873577126968e-22
3.798828125000000000e-01 -3.210852078903360922e-22
3.808593750000000000e-01 -3.604321592528635030e-22
3.818359375000000000e-01 -2.684570713243389322e-22
3.828125000000000000e-01 -4.909573027664242113e-23
3.837890625000000000e-01 -4.704019236715546265e-23
3.847656250000000000e-01 -2.354439375716506153e-22
3.857421875000000000e-01 8.373152649225367338e-23
3.867187500000000000e-01 5.230934721756972311e-23
3.876953125000000000e-01 -2.470129003982925846e-22
3.886718750000000000e-01 3.935227357270583232e-23
3.896484375000000000e-01 -1.944912663522253986e-22
3.906250000000000000e-01 -1.855788127635579133e-22
3.916015625000000000e-01 -2.603893044306199343e-23
3.925781250000000000e-01 4.698015792621274282e-23
3.935546875000000000e-01 -8.183240373276668661e-23
3.945312500000000000e-01 1.122183757522420350e-22
3.955078125000000000e-01 2.529054894673059583e-22
3.964843750000000000e-01 1.623274664475291220e-22
3.974609375000000000e-01 1.220964046409111800e-22
3.984375000000000000e-01 -1.937599465624149461e-22
3.994140625000000000e-01 2.692651665613179827e-22
4.003906250000000000e-01 5.600649143519632114e-23
4.013671875000000000e-01 5.084538649553521409e-22
4.023437500000000000e-01 1.982575631765684396e-22
4.033203125000000000e-01 -6.119438887716257837e-23
4.042968750000000000e-01 2.262981962060008214e-22
4.052734375000000000e-01 3.055406699955633106e-22
4.062500000000000000e-01 1.307014012267078112e-22
4.072265625000000000e-01 -5.757881010346699863e-23
4.082031250000000000e-01 1.481111810358182255e-22
4.091796875000000000e-01 -7.235902661583847460e-23
4.101562500000000000e-01 3.900883739896517948e-23
4.111328125000000000e-01 2.122946763471380911e-23
4.121093750000000000e-01 -1.682522607785257890e-22
4.130859375000000000e-01 6.548593640439208169e-23
4.140625000000000000e-01 9.273346185872970016e-23
4.150390625000000000e-01 2.093675680341715080e-22
4.160156250000000000e-01 -5.060069378098292293e-22
4.169921875000000000e-01 -5.260420138676742010e-22
4.179687500000000000e-01 -8.894735714298802537e-23
4.189453125000000000e-01 -4.745184172982068718e-22
4.199218750000000000e-01 -1.194206454715222424e-22
4.208984375000000000e-01 -7.012974512328758253e-23
4.218750000000000000e-01 -2.572961506347031758e-23
4.228515625000000000e-01 -2.432206257501604495e-22
4.238281250000000000e-01 1.303140987887509343e-22
4.248046875000000000e-01 -2.092163770435506822e-23
4.257812500000000000e-01 -6.806411190570661944e-23
4.267578125000000000e-01 -1.031868283617962526e-22
4.277343750000000000e-01 -2.364282967052259643e-22
4.287109375000000000e-01 -6.886763880816422481e-23
4.296875000000000000e-01 -4.312356550056935789e-22
4.306640625000000000e-01 -9.323202363203856238e-23
4.316406250000000000e-01 -3.290759877810366978e-22
4.326171875000000000e-01 4.062375414534813443e-22
4.335937500000000000e-01 6.934588778781664123e-23
4.345703125000000000e-01 -4.506668769379770999e-22
4.355468750000000000e-01 3.303405971311871684e-22
4.365234375000000000e-01 4.389941678946663770e-22
4.375000000000000000e-01 4.090652102617099641e-22
4.384765625000000000e-01 -1.563128353618696115e-22
4.394531250000000000e-01 2.214699714346953165e-22
4.404296875000000000e-01 5.150197216971213397e-22
4.414062500000000000e-01 3.914717679561070865e-22
4.423828125000000000e-01 1.852223576807866162e-22
4.433593750000000000e-01 -4.261024973536593454e-23
4.443359375000000000e-01 1.153507398314820783e-22
4.453125000000000000e-01 -1.396479643129628478e-22
4.462890625000000000e-01 1.121953178720308074e-22
4.472656250000000000e-01 -9.100571188844603110e-23
4.482421875000000000e-01 -3.235114026804667095e-22
4.492187500000000000e-01 -4.518784656288855714e-23
4.501953125000000000e-01 -2.582848270880178381e-22
4.511718750000000000e-01 1.531649136211455042e-22
4.521484375000000000e-01 2.889911745338153426e-22
4.531250000000000000e-01 -2.582013598243703890e-22
4.541015625000000000e-01 2.245678699042859099e-22
4.550781250000000000e-01 -3.741210242489657274e-22
4.560546875000000000e-01 -4.453153213182777277e-22
4.570312500000000000e-01 -1.367599079012507764e-22
4.580078125000000000e-01 -1.610203407496722966e-22
4.589843750000000000e-01 -1.037071817121880110e-23
4.599609375000000000e-01 -2.170329809557459466e-22
4.609375000000000000e-01 6.119646300571282436e-23
4.619140625000000000e-01 -3.793025643167558299e-22
4.628906250000000000e-01 5.908693941526313710e-23
4.638671875000000000e-01 4.748334043194806463e-22
4.648437500000000000e-01 8.369218681167911614e-23
4.658203125000000000e-01 1.456734377806025953e-22
4.667968750000000000e-01 2.582138218730097334e-22
4.677734375000000000e-01 2.968753943877537470e-22
4.687500000000000000e-01 3.686739668208226678e-22
4.697265625000000000e-01 8.158741881474412894e-23
4.707031250000000000e-01 3.435554765470334931e-23
4.716796875000000000e-01 -6.500661124956329744e-23
4.726562500000000000e-01 3.127180367762266579e-22
4.736328125000000000e-01 6.162971578083822846e-22
4.746093750000000000e-01 5.579195560146164652e-22
4.755859375000000000e-01 1.865300483222478355e-23
4.765625000000000000e-01 2.520146434088053729e-22
4.775390625000000000e-01 1.334152114946133886e-23
4.785156250000000000e-01 5.391427208993091668e-22
4.794921875000000000e-01 6.973126300729929035e-24
4.804687500000000000e-01 -8.920172474240647744e-23
4.814453125000000000e-01 2.525099751835914631e-22
4.824218750000000000e-01 -2.006246999887760656e-22
4.833984375000000000e-01 -7.181132201770723389e-23
4.843750000000000000e-01 -4.813373636768968389e-22
4.853515625000000000e-01 -5.381563768209261517e-22
4.863281250000000000e-01 -1.742001074576441281e-22
4.873046875000000000e-01 -5.110717853941519592e-22
4.882812500000000000e-01 -2.013544116124527521e-22
4.892578125000000000e-01 -3.920402211666593417e-22
4.902343750000000000e-01 -2.748098915190337449e-22
4.912109375000000000e-01 -3.511592722369265747e-22
4.921875000000000000e-01 -2.697328630715862589e-22
4.931640625000000000e-01 -1.038587348705779255e-22
4.941406250000000000e-01 -4.408897602594132122e-23
4.951171875000000000e-01 -5.956087197164984002e-22
4.960937500000000000e-01 -5.838623556996536790e-23
4.970703125000000000e-01 1.899257772849727232e-22
4.980468750000000000e-01 5.947435865531654239e-23
4.990234375000000000e-01 6.979099543174030917e-23
5.000000000000000000e-01 1.266246004365830906e-22
5.009765625000000000e-01 -4.639550799172299207e-23
5.019531250000000000e-01 1.279870645123704279e-22
5.029296875000000000e-01 4.724448767289809580e-22
5.039062500000000000e-01 7.214495417031667154e-22
5.048828125000000000e-01 4.692765328616458688e-22
5.058593750000000000e-01 2.149073370387477300e-22
5.068359375000000000e-01 4.827061742884765693e-22
5.078125000000000000e-01 3.620576122017285460e-22
5.087890625000000000e-01 5.049727770239969080e-22
5.097656250000000000e-01 1.045704080357822394e-22
5.107421875000000000e-01 7.072351360872224112e-22
5.117187500000000000e-01 -5.435052399596812473e-23
5.126953125000000000e-01 -9.540301841018717619e-23
5.136718750000000000e-01 1.407055957559644711e-22
5.146484375000000000e-01 2.010259256585153193e-22
5.156250000000000000e-01 -3.399387298199568428e-22
5.166015625000000000e-01 -2.213662920088801874e-22
5.175781250000000000e-01 -4.019191415941166558e-22
5.185546875000000000e-01 -1.735818741310091853e-22
5.195312500000000000e-01 -2.961806160685378758e-22
5.205078125000000000e-01 -6.630752178032178833e-22
5.214843750000000000e-01 -4.307227369035892048e-22
5.224609375000000000e-01 -5.405102659913876647e-22
5.234375000000000000e-01 -4.130832633929181218e-22
5.244140625000000000e-01 -9.163303234818584748e-23
5.253906250000000000e-01 -5.704947276711503002e-22
5.263671875000000000e-01 -3.056865295810189739e-22
5.273437500000000000e-01 -3.829997975624314394e-22
5.283203125000000000e-01 -3.679838179445780747e-22
5.292968750000000000e-01 -7.999272870984317575e-23
5.302734375000000000e-01 -8.021151394003147257e-23
5.312500000000000000e-01 6.424012039966052848e-23
5.322265625000000000e-01 3.395546013431675833e-22
5.332031250000000000e-01 -9.512081624547528168e-23
5.341796875000000000e-01 7.513638080537606498e-23
5.351562500000000000e-01 5.709373389846202383e-22
5.361328125000000000e-01 1.278556206048063778e-22
5.371093750000000000e-01 4.422245702568038679e-22
5.380859375000000000e-01 1.976984210807210852e-22
5.390625000000000000e-01 4.906489914958049154e-22
5.400390625000000000e-01 5.252497853278250856e-22
5.410156250000000000e-01 5.610848063949221175e-22
5.419921875000000000e-01 4.761529465632591641e-22
5.429687500000000000e-01 -7.079693853820012585e-23
5.439453125000000000e-01 1.688994834993063883e-22
5.449218750000000000e-01 3.476924139715531498e-22
5.458984375000000000e-01 -2.782255184107810823e-22
5.468750000000000000e-01 -3.324837707226943963e-22
5.478515625000000000e-01 -1.463496799185726087e-22
5.488281250000000000e-01 8.869993766404626356e-23
5.498046875000000000e-01 -1.214652616059097715e-22
5.507812500000000000e-01 9.612557589012420303e-23
5.517578125000000000e-01 -5.167554356608981939e-22
5.527343750000000000e-01 -2.760947457507646490e-22
5.537109375000000000e-01 -9.048933907727239181e-22
5.546875000000000000e-01 -5.735768826778287388e-22
5.556640625000000000e-01 -6.465526056310835126e-22
5.566406250000000000e-01 -2.283405851645808891e-22
5.576171875000000000e-01 -5.593922341189263255e-22
5.585937500000000000e-01 -2.814489904401896606e-22
5.595703125000000000e-01 -6.633286950780203838e-23
5.605468750000000000e-01 -3.587586164184659250e-23
5.615234375000000000e-01 -3.166978663647814932e-22
5.625000000000000000e-01 -2.706305780438669316e-22
5.634765625000000000e-01 6.719830294068647137e-23
5.644531250000000000e-01 3.048899605389754114e-22
5.654296875000000000e-01 5.174168239747153549e-22
5.664062500000000000e-01 3.812552596105892805e-22
5.673828125000000000e-01 3.060642224429542060e-22
5.683593750000000000e-01 1.692390440520973420e-22
5.693359375000000000e-01 5.245815243984892034e-22
5.703125000000000000e-01 4.296635112897674225e-22
5.712890625000000000e-01 4.322980907823381847e-22
5.722656250000000000e-01 7.057795375028197764e-22
5.732421875000000000e-01 5.624733689083976332e-22
5.742187500000000000e-01 9.470540221767348238e-22
5.751953125000000000e-01 1.280368675107628115e-22
5.761718750000000000e-01 1.770045673478644783e-22
5.771484375000000000e-01 3.059796451932550854e-22
5.781250000000000000e-01 1.022005500467286938e-22
5.791015625000000000e-01 -3.500274473266104553e-22
5.800781250000000000e-01 -6.322025633199735032e-22
5.810546875000000000e-01 1.219649582446624541e-22
5.820312500000000000e-01 -9.111579142245426567e-23
5.830078125000000000e-01 -3.611915947513628365e-22
5.839843750000000000e-01 -3.511654439986338040e-22
5.849609375000000000e-01 -2.199189865519224538e-22
5.859375000000000000e-01 -3.813074044747111956e-22
5.869140625000000000e-01 -6.580817945601927409e-22
5.878906250000000000e-01 -5.447448842606436894e-22
5.888671875000000000e-01 -6.296422575185122194e-22
5.898437500000000000e-01 -5.206799099446990085e-22
5.908203125000000000e-01 -1.603546015788947689e-22
5.917968750000000000e-01 -3.624811553021245238e-22
5.927734375000000000e-01 1.030409092072707153e-23
5.937500000000000000e-01 2.527459152039276146e-22
5.947265625000000000e-01 1.725775824276704201e-22
5.957031250000000000e-01 1.712011250989134445e-22
5.966796875000000000e-01 1.061842436373847413e-22
5.976562500000000000e-01 4.317905658677037991e-22
5.986328125000000000e-01 7.147374279908866370e-22
5.996093750000000000e-01 1.072847215927702975e-22
6.005859375000000000e-01 1.123920774942880844e-21
6.015625000000000000e-01 8.594258303134693038e-22
6.025390625000000000e-01 1.018709902085526665e-21
6.035156250000000000e-01 5.269109522659340544e-22
6.044921875000000000e-01 7.613300900413325464e-22
6.054687500000000000e-01 1.375088051560042235e-22
6.064453125000000000e-01 -1.320057305145686138e-23
6.074218750000000000e-01 -7.246961233431706705e-23
6.083984375000000000e-01 -2.489297808993414313e-23
6.093750000000000000e-01 2.314574226244905939e-22
6.103515625000000000e-01 -4.485576514182655170e-22
6.113281250000000000e-01 -8.297020329502475266e-22
6.123046875000000000e-01 -5.943344834344901494e-22
6.132812500000000000e-01 -8.816639260060675219e-22
6.142578125000000000e-01 -7.303355928053237215e-22
6.152343750000000000e-01 -4.655288402692504411e-22
6.162109375000000000e-01 -2.217944804231010548e-22
6.171875000000000000e-01 -1.684723627716930859e-22
6.181640625000000000e-01 -1.041210108239142344e-21
6.191406250000000000e-01 -8.278398464347721734e-22
6.201171875000000000e-01 -4.221776838189268631e-22
6.210937500000000000e-01 1.257221795209058384e-22
6.220703125000000000e-01 9.386642848419734915e-23
6.230468750000000000e-01 2.243690639049504524e-22
6.240234375000000000e-01 3.049466700646504445e-22
6.250000000000000000e-01 5.258432130705668108e-23
6.259765625000000000e-01 3.494998405961032310e-22
6.269531250000000000e-01 6.804938357369993264e-22
6.279296875000000000e-01 8.261309343781131893e-22
6.289062500000000000e-01 7.258726454104705069e-22
6.298828125000000000e-01 5.533999933651375294e-22
6.308593750000000000e-01 2.973815735606865229e-22
6.318359375000000000e-01 7.139154223883037297e-22
6.328125000000000000e-01 4.640323577406305017e-22
6.337890625000000000e-01 3.942428781678749041e-22
6.347656250000000000e-01 -1.050534119561647582e-22
6.357421875000000000e-01 -7.660245431715181334e-24
6.367187500000000000e-01 1.057265173394490961e-22
6.376953125000000000e-01 -3.410448150146745603e-22
6.386718750000000000e-01 -6.145682065372163898e-22
6.396484375000000000e-01 -3.356714147111414028e-22
6.406250000000000000e-01 -2.330625468075533254e-22
6.416015625000000000e-01 -6.376404903260434324e-22
6.425781250000000000e-01 -6.680858412238547675e-22
6.435546875000000000e-01 -8.992043151675106422e-22
6.445312500000000000e-01 -3.996171550446198768e-22
6.455078125000000000e-01 -6.254940935033618951e-22
6.464843750000000000e-01 -3.873987438131537975e-22
6.474609375000000000e-01 -8.622597577683375564e-23
6.484375000000000000e-01 -8.790342294652800415e-23
6.494140625000000000e-01 2.121367016427545115e-22
6.503906250000000000e-01 3.060702755969665460e-22
6.513671875000000000e-01 3.046385875742824218e-22
6.523437500000000000e-01 3.455773247973529533e-22
6.533203125000000000e-01 6.761579116540257622e-22
6.542968750000000000e-01 8.289609882588335512e-22
6.552734375000000000e-01 5.233522017985498415e-22
6.562500000000000000e-01 8.367429730755838346e-22
6.572265625000000000e-01 7.281515694342412456e-23
6.582031250000000000e-01 4.991251774294073235e-22
6.591796875000000000e-01 4.114911931008137310e-22
6.601562500000000000e-01 1.137039957056333178e-22
6.611328125000000000e-01 1.940073655706539752e-23
6.621093750000000000e-01 5.484330720581271887e-23
6.630859375000000000e-01 -5.095839670095625361e-22
6.640625000000000000e-01 -4.637294827516749625e-22
6.650390625000000000e-01 -4.557340295894901208e-22
6.660156250000000000e-01 -3.398801075305487444e-22
6.669921875000000000e-01 -7.615979857597746256e-22
6.679687500000000000e-01 -9.486178177611379736e-22
6.689453125000000000e-01 -7.650848664545097429e-22
6.699218750000000000e-01 -1.233825488670905769e-22
6.708984375000000000e-01 -7.476157588619990839e-22
6.718750000000000000e-01 1.516285854289646838e-22
6.728515625000000000e-01 1.651393785571018231e-22
6.738281250000000000e-01 2.106959640441657403e-22
6.748046875000000000e-01 2.563023031240189002e-22
6.757812500000000000e-01 4.725646262815045878e-22
6.767578125000000000e-01 6.284687724400400060e-22
6.777343750000000000e-01 3.300403194425898618e-22
6.787109375000000000e-01 1.148649831231254097e-21
6.796875000000000000e-01 9.651093455054993072e-22
6.806640625000000000e-01 8.038497315386904985e-22
6.816406250000000000e-01 3.818981766343836930e-22
6.826171875000000000e-01 1.739240915482587610e-22
6.835937500000000000e-01 -2.564555908367146778e-22
6.845703125000000000e-01 1.672900548085008025e-22
6.855468750000000000e-01 -4.652961365176909901e-22
6.865234375000000000e-01 -3.666308572865239030e-22
6.875000000000000000e-01 -7.990435297253221035e-22
6.884765625000000000e-01 -7.295058596275215347e-22
6.894531250000000000e-01 -1.107232281773362031e-21
6.904296875000000000e-01 -7.285679808946343906e-22
6.914062500000000000e-01 -9.130406810120135762e-22
6.923828125000000000e-01 -6.329188394567208590e-22
6.933593750000000000e-01 5.363504909591102437e-23
6.943359375000000000e-01 -1.828829912853845004e-24
6.953125000000000000e-01 6.463278720558655884e-22
6.962890625000000000e-01 2.154538632089219994e-22
6.972656250000000000e-01 5.869138185512375383e-22
6.982421875000000000e-01 1.111586334187605447e-21
6.992187500000000000e-01 6.444130992212099247e-22
7.001953125000000000e-01 8.534304229850712440e-22
7.011718750000000000e-01 2.421818654548778027e-22
7.021484375000000000e-01 7.523650272382166634e-22
7.031250000000000000e-01 2.460380264008527730e-22
7.041015625000000000e-01 -1.514187822356682784e-22
7.050781250000000000e-01 -4.208877362392512543e-22
7.060546875000000000e-01 -5.616700214716257423e-22
7.070312500000000000e-01 -6.606982493108085697e-22
7.080078125000000000e-01 -8.790011618021959700e-22
7.089843750000000000e-01 -9.881364274448508237e-22
7.099609375000000000e-01 -5.096780408905522191e-22
7.109375000000000000e-01 -3.853476083874169067e-22
7.119140625000000000e-01 -2.181091864396646548e-22
7.128906250000000000e-01 -1.647294609488190973e-22
7.138671875000000000e-01 4.647800071384189399e-22
7.148437500000000000e-01 8.570242051849143817e-22
7.158203125000000000e-01 5.720502614652955340e-22
7.167968750000000000e-01 9.849603727611405515e-22
7.177734375000000000e-01 9.978524586691405159e-22
7.187500000000000000e-01 9.247502056526481261e-22
7.197265625000000000e-01 -6.494232492522942864e-23
7.207031250000000000e-01 -3.939388249946645070e-22
7.216796875000000000e-01 -1.091990094615909189e-22
7.226562500000000000e-01 -5.967681407301293815e-22
7.236328125000000000e-01 -8.119797580585758160e-22
7.246093750000000000e-01 -9.913162999766197755e-22
7.255859375000000000e-01 -1.277892314815910147e-21
7.265625000000000000e-01 -2.460368478187767726e-22
7.275390625000000000e-01 -2.414450831668852335e-22
7.285156250000000000e-01 4.771896235648660598e-22
7.294921875000000000e-01 7.668188223366911819e-22
7.304687500000000000e-01 9.898077171811155028e-22
7.314453125000000000e-01 1.023266092797666702e-21
7.324218750000000000e-01 2.521752744756220785e-22
7.333984375000000000e-01 1.220407699293842128e-22
7.343750000000000000e-01 -9.748460131210121260e-22
7.353515625000000000e-01 -1.599556506832827395e-21
7.363281250000000000e-01 -9.873182405089220540e-22
7.373046875000000000e-01 -1.143843445581385851e-21
7.382812500000000000e-01 7.094884887613103093e-23
7.392578125000000000e-01 6.234753807765207934e-22
7.402343750000000000e-01 1.041627451188471681e-21
7.412109375000000000e-01 1.193107432693517366e-21
7.421875000000000000e-01 2.952315560453868021e-22
7.431640625000000000e-01 -7.574950768923416261e-22
7.441406250000000000e-01 -1.439612398937026885e-21
7.451171875000000000e-01 -8.429938285460614166e-23
7.460937500000000000e-01 1.482442380376259450e-21
7.470703125000000000e-01 6.231717659155984105e-22
7.480468750000000000e-01 -8.942958543181688999e-22
7.490234375000000000e-01 -5.922359368103160607e-22
7.500000000000000000e-01 5.813544330071674820e-22
7.509765625000000000e-01 7.123202820823118114e-22
7.519531250000000000e-01 -6.207080911014470974e-22
7.529296875000000000e-01 -2.153755293755907378e-22
7.539062500000000000e-01 1.498534506251770256e-22
7.548828125000000000e-01 2.052210435981478730e-22
7.558593750000000000e-01 -8.398510819744840819e-23
7.568359375000000000e-01 -4.446691253384512407e-23
7.578125000000000000e-01 -2.490681494403454370e-23
7.587890625000000000e-01 1.047352233901842574e-22
7.597656250000000000e-01 -1.615313048914239190e-22
7.607421875000000000e-01 -1.857825401412604994e-22
7.617187500000000000e-01 3.427284981062918775e-22
7.626953125000000000e-01 -1.412117796760679177e-22
7.636718750000000000e-01 1.218703594597138731e-23
7.646484375000000000e-01 1.764064590158674596e-22
7.656250000000000000e-01 3.316077343036092170e-22
7.666015625000000000e-01 -2.719913335151695496e-22
7.675781250000000000e-01 -2.675562366487191127e-22
7.685546875000000000e-01 6.980096709741904349e-23
7.695312500000000000e-01 2.282888554645130339e-22
7.705078125000000000e-01 1.045145729055331119e-22
7.714843750000000000e-01 -1.716596512167348236e-22
7.724609375000000000e-01 1.632777737342161596e-22
7.734375000000000000e-01 -2.447417819442263294e-22
7.744140625000000000e-01 -3.089538582218339358e-22
7.753906250000000000e-01 -3.799869259352723329e-22
7.763671875000000000e-01 1.397594736592754885e-22
7.773437500000000000e-01 -1.500061365126918952e-22
7.783203125000000000e-01 4.559598033675770295e-22
7.792968750000000000e-01 -6.808286854762669556e-23
7.802734375000000000e-01 1.103093724904694238e-22
7.812500000000000000e-01 1.376876369987658989e-22
7.822265625000000000e-01 1.530527446831051612e-22
7.832031250000000000e-01 -5.309332080219492161e-22
7.841796875000000000e-01 -1.469457019299602585e-22
7.851562500000000000e-01 -1.288270382941793737e-22
7.861328125000000000e-01 2.455871800324517309e-22
7.871093750000000000e-01 -1.529884645548442511e-23
7.880859375000000000e-01 -1.375996759597739421e-22
7.890625000000000000e-01 7.010070160926022118e-23
7.900390625000000000e-01 -1.723284850930621827e-23
7.910156250000000000e-01 8.844056414033685999e-23
7.919921875000000000e-01 8.351258972268461288e-23
7.929687500000000000e-01 -4.073070743483485500e-22
7.939453125000000000e-01 3.432795162746761016e-23
7.949218750000000000e-01 2.175981491089884537e-22
7.958984375000000000e-01 -1.709335497404210459e-22
7.968750000000000000e-01 -2.262191975289204138e-22
7.978515625000000000e-01 -1.135683384958217343e-22
7.988281250000000000e-01 6.691897497005030820e-23
7.998046875000000000e-01 2.598843415836021364e-22
8.007812500000000000e-01 -2.180677901261026275e-22
8.017578125000000000e-01 3.275187139632127596e-22
8.027343750000000000e-01 -1.755160305483403877e-22
8.037109375000000000e-01 -1.118070121055904909e-22
8.046875000000000000e-01 1.807558639265291238e-22
8.056640625000000000e-01 -5.990780811130082259e-23
8.066406250000000000e-01 -1.524460993177503460e-23
8.076171875000000000e-01 3.750387734275790485e-23
8.085937500000000000e-01 -2.682868435796900110e-23
8.095703125000000000e-01 -1.375109559979796763e-22
8.105468750000000000e-01 -2.785108259989421017e-22
8.115234375000000000e-01 4.620687323765499256e-22
8.125000000000000000e-01 -2.059208330157438968e-22
8.134765625000000000e-01 2.101858588091360049e-22
8.144531250000000000e-01 2.440165970812401899e-22
8.154296875000000000e-01 -2.069920645369087569e-23
8.164062500000000000e-01 7.644881932334011630e-23
8.173828125000000000e-01 -1.056092297462335801e-22
8.183593750000000000e-01 -2.209453444194392077e-22
8.193359375000000000e-01 -1.382846023903156908e-22
8.203125000000000000e-01 -1.601540915890590492e-22
8.212890625000000000e-01 -1.717921620631684165e-22
8.222656250000000000e-01 6.943012863839813084e-22
8.232421875000000000e-01 -1.882384385288382932e-22
8.242187500000000000e-01 -4.674230349468318567e-22
8.251953125000000000e-01 4.260215297466733465e-23
8.261718750000000000e-01 1.154592297890835822e-22
8.271484375000000000e-01 8.954412642374374992e-23
8.281250000000000000e-01 -3.285950593225231629e-22
8.291015625000000000e-01 2.933937296969470037e-23
8.300781250000000000e-01 -4.624830302736973556e-24
8.310546875000000000e-01 -1.098193729801867529e-22
8.320312500000000000e-01 1.335429610526468675e-22
8.330078125000000000e-01 1.537833212611704258e-22
8.339843750000000000e-01 2.983495322701020839e-22
8.349609375000000000e-01 -2.920891082697745714e-22
8.359375000000000000e-01 -3.554636864769898149e-22
8.369140625000000000e-01 2.112919850575921526e-23
8.378906250000000000e-01 -1.612125114043258458e-22
8.388671875000000000e-01 7.362626447109106185e-23
8.398437500000000000e-01 -4.919479900717817329e-22
8.408203125000000000e-01 2.229341285618303776e-22
8.417968750000000000e-01 4.310281237097210675e-23
8.427734375000000000e-01 1.328053503218666721e-22
8.437500000000000000e-01 1.036273291771118304e-22
8.447265625000000000e-01 -4.644899491473451784e-23
8.457031250000000000e-01 1.856853550716332518e-22
8.466796875000000000e-01 -1.878652798644326278e-22
8.476562500000000000e-01 1.392323026004733292e-22
8.486328125000000000e-01 -1.768488937274316576e-22
8.496093750000000000e-01 3.414412496284212277e-22
8.505859375000000000e-01 1.529401084133768235e-22
8.515625000000000000e-01 -2.866826651442801678e-23
8.525390625000000000e-01 4.346711994046944340e-22
8.535156250000000000e-01 -1.495181662110582649e-22
8.544921875000000000e-01 9.136776066826334127e-23
8.554687500000000000e-01 5.046805666041842276e-23
8.564453125000000000e-01 -7.305370921562068040e-23
8.574218750000000000e-01 -4.785373152001918907e-23
8.583984375000000000e-01 1.380676265073929226e-22
8.593750000000000000e-01 6.098784362351749078e-23
8.603515625000000000e-01 2.547044522587924203e-22
8.613281250000000000e-01 -3.339850403789736260e-22
8.623046875000000000e-01 2.910905573005543562e-24
8.632812500000000000e-01 -4.360463300273979252e-22
8.642578125000000000e-01 -1.021893325974474183e-22
8.652343750000000000e-01 1.908719152052646998e-22
8.662109375000000000e-01 2.123876886463056283e-22
8.671875000000000000e-01 3.720685610887733484e-23
8.681640625000000000e-01 -1.972422480104860538e-22
8.691406250000000000e-01 -3.895897548022528145e-23
8.701171875000000000e-01 -7.230005562502941414e-23
8.710937500000000000e-01 2.425277672506141287e-22
8.720703125000000000e-01 7.808629685903575078e-23
8.730468750000000000e-01 5.538069073510764225e-23
8.740234375000000000e-01 -1.261548828371000925e-22
8.750000000000000000e-01 2.691928849296144784e-22
8.759765625000000000e-01 5.278494683087864086e-22
8.769531250000000000e-01 -2.367419201000160316e-22
8.779296875000000000e-01 2.304618438313140671e-22
8.789062500000000000e-01 6.320232826320205180e-23
8.798828125000000000e-01 -1.666249925473241696e-23
8.808593750000000000e-01 2.094267710249743335e-23
8.818359375000000000e-01 -7.713711605974834106e-23
8.828125000000000000e-01 -3.600195852215300171e-22
8.837890625000000000e-01 -1.697626604941293381e-22
8.847656250000000000e-01 -2.997730479166845274e-22
8.857421875000000000e-01 3.250957920574158133e-23
8.867187500000000000e-01 1.255193090258811484e-22
8.876953125000000000e-01 6.315212975874346264e-23
8.886718750000000000e-01 -5.373423679492925158e-23
8.896484375000000000e-01 -7.320282541715257275e-23
8.906250000000000000e-01 -2.007702118105430333e-24
8.916015625000000000e-01 2.397270009534611267e-22
8.925781250000000000e-01 -3.928263162775258706e-22
8.935546875000000000e-01 -2.864713279708414846e-22
8.945312500000000000e-01 2.735961673616836143e-22
8.955078125000000000e-01 3.556119111913870286e-22
8.964843750000000000e-01 5.392775257276827330e-22
8.974609375000000000e-01 1.555651154833660160e-23
8.984375000000000000e-01 -2.253010129778462846e-22
8.994140625000000000e-01 -1.260211726546985596e-22
9.003906250000000000e-01 -9.693389119007834567e-23
9.013671875000000000e-01 -1.874468911610969464e-22
9.023437500000000000e-01 -4.856926639261875603e-22
9.033203125000000000e-01 1.324663137992800853e-22
9.042968750000000000e-01 -1.283761965011585492e-23
9.052734375000000000e-01 -6.651387860334798201e-23
9.062500000000000000e-01 9.029738203761072865e-23
9.072265625000000000e-01 -1.330237521840365894e-22
9.082031250000000000e-01 2.377536630248199076e-22
9.091796875000000000e-01 3.834650110998451030e-22
9.101562500000000000e-01 1.465809095347273164e-22
9.111328125000000000e-01 -7.335879130682041705e-23
9.121093750000000000e-01 2.247097341366629698e-22
9.130859375000000000e-01 -1.399048182870219952e-22
9.140625000000000000e-01 2.458289434543279464e-22
9.150390625000000000e-01 2.613739330254176607e-22
9.160156250000000000e-01 -4.695274955681479353e-22
9.169921875000000000e-01 -2.137817243877240328e-22
9.179687500000000000e-01 3.693737307999818713e-23
9.189453125000000000e-01 -1.542608004844141922e-22
9.199218750000000000e-01 7.985199070878764953e-23
9.208984375000000000e-01 -1.978701455194642799e-22
9.218750000000000000e-01 -1.116511686116865437e-22
9.228515625000000000e-01 -3.513311262461695486e-23
9.238281250000000000e-01 -5.629246420913007201e-22
9.248046875000000000e-01 1.764623807305884262e-22
9.257812500000000000e-01 1.437927108452771303e-23
9.267578125000000000e-01 1.704269206772943548e-22
9.277343750000000000e-01 -1.099036857059596810e-22
9.287109375000000000e-01 4.648930031608581210e-22
9.296875000000000000e-01 -3.792330524053500657e-22
9.306640625000000000e-01 -2.228616225677694499e-22
9.316406250000000000e-01 -4.801606942712826559e-23
9.326171875000000000e-01 2.431823345900508592e-22
9.335937500000000000e-01 3.739817095359235719e-22
9.345703125000000000e-01 -3.740596244140895866e-22
9.355468750000000000e-01 -1.496568441216599979e-22
9.365234375000000000e-01 -7.258540199026896216e-23
9.375000000000000000e-01 -1.276965232988225786e-22
9.384765625000000000e-01 -5.428576719340818552e-23
9.394531250000000000e-01 -1.527073077824403237e-23
9.404296875000000000e-01 2.941457007190829581e-23
9.414062500000000000e-01 1.826027878921600689e-22
9.423828125000000000e-01 -1.196263408014098430e-22
9.433593750000000000e-01 2.596828938718851706e-22
9.443359375000000000e-01 1.656451899908429262e-22
9.453125000000000000e-01 -9.894210513684054296e-23
9.462890625000000000e-01 -2.251756758263961615e-22
9.472656250000000000e-01 -8.442990322215861946e-23
9.482421875000000000e-01 7.974004530346802985e-23
9.492187500000000000e-01 1.301102663810663265e-22
9.501953125000000000e-01 4.916769868937599052e-23
9.511718750000000000e-01 1.430661458855611796e-23
9.521484375000000000e-01 5.225829810438781668e-23
9.531250000000000000e-01 3.191690886282534251e-23
9.541015625000000000e-01 2.413287193081805128e-22
9.550781250000000000e-01 1.174195394152584145e-22
9.560546875000000000e-01 -5.621174553709305476e-23
9.570312500000000000e-01 4.004712874659786862e-22
9.580078125000000000e-01 -3.499300343517552827e-22
9.589843750000000000e-01 3.712833120557257354e-23
9.599609375000000000e-01 4.847734800107013955e-23
9.609375000000000000e-01 -2.169786502945362476e-22
9.619140625000000000e-01 2.003012029581679996e-22
9.628906250000000000e-01 9.763639236982670690e-23
9.638671875000000000e-01 2.660440185395293694e-22
9.648437500000000000e-01 -1.235908064333966945e-22
9.658203125000000000e-01 -5.567317962725453572e-23
9.667968750000000000e-01 3.473515146988396036e-22
9.677734375000000000e-01 1.798395086534134867e-22
9.687500000000000000e-01 -4.176709775590960588e-23
9.697265625000000000e-01 1.935504281333806822e-22
9.707031250000000000e-01 2.064026965702967334e-22
9.716796875000000000e-01 2.143938403535921873e-22
9.726562500000000000e-01 1.870698331501919359e-23
9.736328125000000000e-01 -4.236882834207620952e-22
9.746093750000000000e-01 3.918370573539496386e-24
9.755859375000000000e-01 2.645349797685256079e-22
9.765625000000000000e-01 1.055878292453246160e-22
9.775390625000000000e-01 -2.072127930759779916e-22
9.785156250000000000e-01 -1.048581320868743253e-22
9.794921875000000000e-01 -9.146221096061115601e-24
9.804687500000000000e-01 -1.120076958329431761e-22
9.814453125000000000e-01 2.867513010952958090e-22
9.824218750000000000e-01 -4.468880362402232109e-22
9.833984375000000000e-01 5.423301913829945888e-22
9.843750000000000000e-01 -3.447435959798644001e-22
9.853515625000000000e-01 1.110460729241677931e-23
9.863281250000000000e-01 1.205267769559652328e-22
9.873046875000000000e-01 1.945851238846324555e-22
9.882812500000000000e-01 -7.869063283152571447e-23
9.892578125000000000e-01 -2.077970649158005159e-23
9.902343750000000000e-01 -1.283600445237793657e-22
9.912109375000000000e-01 -5.507013425841933629e-23
9.921875000000000000e-01 -2.871214014462496647e-22
9.931640625000000000e-01 -2.347911851591406612e-22
9.941406250000000000e-01 8.266641493860899876e-23
9.951171875000000000e-01 -6.786541041383221489e-23
9.960937500000000000e-01 -3.904211835714254000e-24
9.970703125000000000e-01 8.384929041773195888e-23
9.980468750000000000e-01 -5.528488718662518804e-22
9.990234375000000000e-01 1.571289632236884060e-22
